"year" "neem" "wdc"
"1" 705.958 13.64 14.585
"2" 705.875 14.4 12.817
"3" 705.792 15.78 11.271
"4" 705.708 17.42 9.8681
"5" 705.625 18.29 8.7793
"6" 705.542 18.36 8.5262
"7" 705.458 17.83 8.5077
"8" 705.375 16.8 9.1211
"9" 705.292 15.63 10.294
"10" 705.208 15.07 11.818
"11" 705.125 15.21 12.678
"12" 705.042 16.22 13.653
"13" 704.958 16.02 13.717
"14" 704.875 14.23 12.887
"15" 704.792 12.46 11.284
"16" 704.708 11.06 9.9471
"17" 704.625 10.61 9.0934
"18" 704.542 11.19 8.0845
"19" 704.458 11.5 7.9594
"20" 704.375 11.67 8.3843
"21" 704.292 12.35 9.4849
"22" 704.208 13.62 11.12
"23" 704.125 14.73 13.514
"24" 704.042 14.51 15.313
"25" 703.958 14.08 16.213
"26" 703.875 12.93 16.235
"27" 703.792 11.89 14.291
"28" 703.708 11.09 11.84
"29" 703.625 10.64 9.8742
"30" 703.542 11.06 9.0508
"31" 703.458 12.05 8.6457
"32" 703.375 13.31 7.8141
"33" 703.292 14.93 15.556
"34" 703.208 16.15 14.623
"35" 703.125 17 13.258
"36" 703.042 17.4 11.496
"37" 702.958 16.89 9.6132
"38" 702.875 15.35 8.6202
"39" 702.792 13.8 8.6325
"40" 702.708 13.18 9.2305
"41" 702.625 13.08 10.835
"42" 702.542 13.17 12.803
"43" 702.458 13.39 14.591
"44" 702.375 13.85 16.652
"45" 702.292 14.54 17.388
"46" 702.208 15.11 16.316
"47" 702.125 15.13 13.909
"48" 702.042 14.7 10.88
"49" 701.958 13.92 9.1351
"50" 701.875 13.15 7.9909
"51" 701.792 12.16 7.7199
"52" 701.708 11.16 7.8739
"53" 701.625 10.28 8.3468
"54" 701.542 9.11 9.0129
"55" 701.458 8.49 10.763
"56" 701.375 8.02 13.879
"57" 701.292 7.9 17.256
"58" 701.208 7.64 19.978
"59" 701.125 7.6 21.323
"60" 701.042 7.64 19.809
"61" 700.958 7.97 15.914
"62" 700.875 8.69 11.941
"63" 700.792 10.43 9.9246
"64" 700.708 12.81 8.9612
"65" 700.625 15.81 9.4744
"66" 700.542 18.25 10.101
"67" 700.458 19.2 10.516
"68" 700.375 18.85 11.036
"69" 700.292 18.5 10.974
"70" 700.208 18.23 10.909
"71" 700.125 17.89 10.634
"72" 700.042 17.17 10.452
"73" 699.958 15.91 10.856
"74" 699.875 15.36 11.582
"75" 699.792 14 13.32
"76" 699.708 13.06 16.571
"77" 699.625 12.33 20.035
"78" 699.542 12.45 22.476
"79" 699.458 13.08 23.494
"80" 699.375 14.45 23.289
"81" 699.292 16.61 21.974
"82" 699.208 19.19 20.143
"83" 699.125 21.68 18.437
"84" 699.042 24.02 17.58
"85" 698.958 26.15 17.713
"86" 698.875 28.68 18.092
"87" 698.792 30.11 19.031
"88" 698.708 30.42 21.235
"89" 698.625 29.99 23.037
"90" 698.542 28.26 24.045
"91" 698.458 25.62 25.484
"92" 698.375 22.52 25.785
"93" 698.292 19.81 24.769
"94" 698.208 17.87 22.313
"95" 698.125 15.9 18.434
"96" 698.042 13.97 14.681
"97" 697.958 12.27 12.372
"98" 697.875 11.74 11.133
"99" 697.792 11.65 10.079
"100" 697.708 10.83 9.4613
"101" 697.625 9.63 9.3853
"102" 697.542 9.52 10.241
"103" 697.458 10.35 11.216
"104" 697.375 11.86 12.199
"105" 697.292 12.82 12.751
"106" 697.208 12.7 12.776
"107" 697.125 11.72 12.127
"108" 697.042 10.83 10.61
"109" 696.958 10.53 9.151
"110" 696.875 10.61 8.1954
"111" 696.792 10.71 8.0549
"112" 696.708 10.74 8.1067
"113" 696.625 10.98 8.4805
"114" 696.542 11.79 9.4279
"115" 696.458 12.89 10.335
"116" 696.375 13.9 11.273
"117" 696.292 14.28 11.778
"118" 696.208 14.05 11.914
"119" 696.125 13.04 10.955
"120" 696.042 11.49 9.6985
"121" 695.958 10.75 8.8014
"122" 695.875 10.93 8.3501
"123" 695.792 12.21 8.6414
"124" 695.708 14 9.2207
"125" 695.625 15.52 10.201
"126" 695.542 16.86 11.539
"127" 695.458 18.12 12.943
"128" 695.375 19.28 14.439
"129" 695.292 20.93 15.754
"130" 695.208 21.98 15.683
"131" 695.125 22.51 15.047
"132" 695.042 24.85 14.509
"133" 694.958 28.36 13.498
"134" 694.875 32.8 12.127
"135" 694.792 36.59 10.662
"136" 694.708 39.19 10.21
"137" 694.625 36.25 10.374
"138" 694.542 27.14 11.271
"139" 694.458 18.89 11.762
"140" 694.375 13.23 12.596
"141" 694.292 11.15 12.653
"142" 694.208 11.28 12.197
"143" 694.125 12.23 11.295
"144" 694.042 12.75 10.281
"145" 693.958 11.56 9.3253
"146" 693.875 9.37 8.4009
"147" 693.792 7.44 7.4941
"148" 693.708 6.43 7.2562
"149" 693.625 5.98 7.2408
"150" 693.542 5.99 7.799
"151" 693.458 7.22 8.8168
"152" 693.375 8.49 9.5625
"153" 693.292 9.93 10.226
"154" 693.208 11.3 10.481
"155" 693.125 11.85 10.354
"156" 693.042 11.23 9.0397
"157" 692.958 10.02 7.8737
"158" 692.875 8.5 7.3363
"159" 692.792 7.42 7.0454
"160" 692.708 7.28 7.0418
"161" 692.625 7.21 7.3274
"162" 692.542 6.79 7.5952
"163" 692.458 6.88 7.8572
"164" 692.375 8 8.9776
"165" 692.292 9.77 10.529
"166" 692.208 11.31 11.501
"167" 692.125 12.52 11.407
"168" 692.042 12.51 10.057
"169" 691.958 12.38 9.2448
"170" 691.875 12.47 8.7015
"171" 691.792 13.21 8.1699
"172" 691.708 14.41 8.2377
"173" 691.625 16.05 9.111
"174" 691.542 18.16 10.076
"175" 691.458 20 11.187
"176" 691.375 22.08 11.732
"177" 691.292 24.1 12.445
"178" 691.208 24.41 12.678
"179" 691.125 24.01 12.479
"180" 691.042 23.25 12.201
"181" 690.958 20.22 12.241
"182" 690.875 15.22 12.581
"183" 690.792 12.24 13.643
"184" 690.708 11.05 15.039
"185" 690.625 10.24 16.091
"186" 690.542 10.14 17.603
"187" 690.458 9.79 19.041
"188" 690.375 9.07 20.405
"189" 690.292 9.25 20.66
"190" 690.208 10.05 20.184
"191" 690.125 10.85 19.052
"192" 690.042 11.19 18.165
"193" 689.958 11.56 17.073
"194" 689.875 11.18 16.448
"195" 689.792 11 15.807
"196" 689.708 12.2 16.013
"197" 689.625 13.76 16.516
"198" 689.542 16.91 17.607
"199" 689.458 21.11 19.151
"200" 689.375 25.22 20.378
"201" 689.292 29.75 21.35
"202" 689.208 34.42 20.736
"203" 689.125 35.12 19.222
"204" 689.042 32 17.361
"205" 688.958 27.93 15.615
"206" 688.875 24.35 14.116
"207" 688.792 22.11 12.919
"208" 688.708 21.63 12.952
"209" 688.625 22.98 13.244
"210" 688.542 26.26 13.69
"211" 688.458 30.14 14.819
"212" 688.375 33.98 15.975
"213" 688.292 37.48 16.203
"214" 688.208 39.34 16.288
"215" 688.125 38.58 16.057
"216" 688.042 34.93 15.485
"217" 687.958 29.88 14.495
"218" 687.875 24.16 13.589
"219" 687.792 19.83 12.388
"220" 687.708 17.74 13.011
"221" 687.625 17.95 14.356
"222" 687.542 19.19 16.598
"223" 687.458 20.42 18.783
"224" 687.375 20.79 21.002
"225" 687.292 20.83 21.546
"226" 687.208 20.35 22.824
"227" 687.125 19.77 23.53
"228" 687.042 19.36 23.318
"229" 686.958 19.12 23.344
"230" 686.875 19.11 23.551
"231" 686.792 19.03 24.724
"232" 686.708 19.21 25.775
"233" 686.625 20.21 27.863
"234" 686.542 21.88 30.081
"235" 686.458 23.36 31.264
"236" 686.375 23.81 32.623
"237" 686.292 23.57 33.609
"238" 686.208 22.89 33.011
"239" 686.125 21.94 32.194
"240" 686.042 19.98 30.287
"241" 685.958 18.37 28.396
"242" 685.875 17.08 26.174
"243" 685.792 16.12 24.84
"244" 685.708 14.97 23.988
"245" 685.625 14.4 24.354
"246" 685.542 14.35 24.68
"247" 685.458 14.74 24.807
"248" 685.375 15.49 25.435
"249" 685.292 16.26 25.712
"250" 685.208 16.59 25.016
"251" 685.125 16.65 22.978
"252" 685.042 16.35 19.162
"253" 684.958 15.13 16.012
"254" 684.875 13.88 15.13
"255" 684.792 13.45 14.71
"256" 684.708 13.57 16.176
"257" 684.625 13.96 18.02
"258" 684.542 14.95 20.845
"259" 684.458 16.53 24.394
"260" 684.375 18.89 27.32
"261" 684.292 21.67 28.321
"262" 684.208 23.81 28.33
"263" 684.125 25.19 28.421
"264" 684.042 26.04 28.235
"265" 683.958 27.06 27.521
"266" 683.875 28.49 27.866
"267" 683.792 31.58 28.746
"268" 683.708 36.63 30.959
"269" 683.625 42.95 34.511
"270" 683.542 50.21 38.482
"271" 683.458 59.78 43.164
"272" 683.375 71.67 48.046
"273" 683.292 84.47 51.367
"274" 683.208 96.14 51.318
"275" 683.125 104.99 46.99
"276" 683.042 107.16 38.925
"277" 682.958 103.57 31.815
"278" 682.875 95.37 25.713
"279" 682.792 82.87 20.782
"280" 682.708 69.3 18.554
"281" 682.625 57.21 17.726
"282" 682.542 46.92 17.255
"283" 682.458 38.12 16.069
"284" 682.375 30.86 14.804
"285" 682.292 24.15 13.413
"286" 682.208 18.13 11.427
"287" 682.125 13.93 9.9593
"288" 682.042 11.54 9.7939
"289" 681.958 9.53 10.527
"290" 681.875 7.68 11.208
"291" 681.792 6.96 12.686
"292" 681.708 6.98 15.335
"293" 681.625 7.17 17.627
"294" 681.542 6.97 19.881
"295" 681.458 6.94 21.938
"296" 681.375 8.15 22.007
"297" 681.292 8.1 20.217
"298" 681.208 7.43 17.908
"299" 681.125 6.81 16.408
"300" 681.042 6.08 14.563
"301" 680.958 6.17 12.395
"302" 680.875 6.36 11.279
"303" 680.792 7.16 10.621
"304" 680.708 8.14 10.478
"305" 680.625 8.97 10.825
"306" 680.542 10.1 11.719
"307" 680.458 10.97 13.063
"308" 680.375 11.25 13.946
"309" 680.292 11.8 14.494
"310" 680.208 12.49 15.348
"311" 680.125 12.46 15.785
"312" 680.042 12.31 15.706
"313" 679.958 12.13 15.187
"314" 679.875 12.17 14.932
"315" 679.792 12.1 15.256
"316" 679.708 12.43 15.223
"317" 679.625 12.76 15.79
"318" 679.542 12.9 16.516
"319" 679.458 13.13 17.7
"320" 679.375 13.02 19.394
"321" 679.292 13.08 21.47
"322" 679.208 12.59 21.665
"323" 679.125 11.42 19.705
"324" 679.042 10.38 16.061
"325" 678.958 8.81 11.367
"326" 678.875 7.18 7.677
"327" 678.792 6.51 5.6409
"328" 678.708 6.45 9.8013
"329" 678.625 6.82 11.212
"330" 678.542 7.7 12.328
"331" 678.458 9.12 13.246
"332" 678.375 10.97 13.314
"333" 678.292 12.48 13.872
"334" 678.208 12.61 13.122
"335" 678.125 11.97 10.283
"336" 678.042 11.54 10.104
"337" 677.958 11.54 9.6557
"338" 677.875 11.69 9.6259
"339" 677.792 12.69 11.55
"340" 677.708 14.11 12.15
"341" 677.625 15.66 14.005
"342" 677.542 16.66 15.913
"343" 677.458 17.44 17.282
"344" 677.375 17.93 15.495
"345" 677.292 17.99 14.908
"346" 677.208 17.71 14.789
"347" 677.125 17.28 12.401
"348" 677.042 16.64 10.778
"349" 676.958 16.92 8.5107
"350" 676.875 18.13 7.0884
"351" 676.792 17.89 6.8412
"352" 676.708 14.89 7.402
"353" 676.625 12.23 8.4533
"354" 676.542 11.53 9.3575
"355" 676.458 12.22 10.43
"356" 676.375 13.25 12.437
"357" 676.292 12.95 12.14
"358" 676.208 11.58 11.363
"359" 676.125 10.68 10.141
"360" 676.042 9.73 8.6747
"361" 675.958 9.05 7.5378
"362" 675.875 8.94 6.6544
"363" 675.792 9.23 6.0425
"364" 675.708 10.45 6.3213
"365" 675.625 12.04 7.821
"366" 675.542 13.31 10.96
"367" 675.458 14.88 14.295
"368" 675.375 16.94 15.079
"369" 675.292 18.44 13.768
"370" 675.208 19.16 11.41
"371" 675.125 19.12 8.9582
"372" 675.042 17.67 7.4458
"373" 674.958 16.47 6.3695
"374" 674.792 10.31 6.2215
"375" 674.708 9.9 6.4059
"376" 674.625 9.63 7.0682
"377" 674.542 9.54 8.6642
"378" 674.458 8.91 11.37
"379" 674.375 9.61 15.458
"380" 674.292 11.61 17.406
"381" 674.208 13.59 10.484
"382" 674.125 14.27 4.7576
"383" 674.042 13.74 5.8461
"384" 673.958 12.85 7.2938
"385" 673.875 12.06 9.529
"386" 673.792 11.83 9.0663
"387" 673.708 12.02 8.8174
"388" 673.625 12.24 9.4756
"389" 673.542 12.5 10.728
"390" 673.458 12.98 12.143
"391" 673.375 13.41 13.043
"392" 673.292 13.25 13.393
"393" 673.208 13.28 13.156
"394" 673.125 12.83 12.857
"395" 673.042 11.71 12.179
"396" 672.958 10.75 11.586
"397" 672.875 10.54 10.918
"398" 672.792 11.31 10.798
"399" 672.708 11.96 12.629
"400" 672.625 12.23 15.212
"401" 672.542 12.54 18.176
"402" 672.458 12.08 21.945
"403" 672.375 12.13 24.34
"404" 672.292 13.83 25.143
"405" 672.208 17.2 23.695
"406" 672.125 21.58 21.02
"407" 672.042 24.7 17.286
"408" 671.958 25.47 13.535
"409" 671.875 25.57 10.626
"410" 671.792 24.48 8.783
"411" 671.708 23.17 8.054
"412" 671.625 21.37 7.9642
"413" 671.542 19.76 9.0322
"414" 671.458 17.97 11.802
"415" 671.375 16.41 14.956
"416" 671.292 15.21 16.913
"417" 671.208 14.25 16.194
"418" 671.125 13.12 14.148
"419" 671.042 11.8 11.58
"420" 670.958 10.08 9.1816
"421" 670.875 8.72 7.8237
"422" 670.792 7.47 7.3754
"423" 670.708 6.97 7.8532
"424" 670.625 6.85 8.489
"425" 670.542 7.14 9.1133
"426" 670.458 7.35 10.26
"427" 670.375 7.54 11.513
"428" 670.292 7.88 12.024
"429" 670.208 8.14 11.532
"430" 670.125 8.6 10.87
"431" 670.042 8.98 9.7561
"432" 669.958 9.43 9.2851
"433" 669.875 9.38 9.2211
"434" 669.792 9.22 8.6397
"435" 669.708 8.94 8.8435
"436" 669.625 8.88 9.0808
"437" 669.542 8.95 10.417
"438" 669.458 9.46 13.311
"439" 669.375 10.56 15.663
"440" 669.292 11.83 16.493
"441" 669.208 12.89 16.487
"442" 669.125 13.25 14.796
"443" 669.042 13.23 13.172
"444" 668.958 13.27 11.852
"445" 668.875 13.54 10.004
"446" 668.792 14.21 9.3069
"447" 668.708 14.77 10.401
"448" 668.625 15.34 11.355
"449" 668.542 16.02 13.32
"450" 668.458 16.28 16.118
"451" 668.375 16.36 18.66
"452" 668.292 15.86 20.115
"453" 668.208 15.51 18.153
"454" 668.125 15.23 13.981
"455" 668.042 14.64 11.054
"456" 667.958 13.51 9.9826
"457" 667.875 12.35 9.2687
"458" 667.792 12.61 9.7852
"459" 667.708 13.77 10.962
"460" 667.625 15.47 11.735
"461" 667.542 17.19 11.445
"462" 667.458 18.93 12.442
"463" 667.375 20.76 12.871
"464" 667.292 21.93 11.511
"465" 667.208 22.18 10.16
"466" 667.125 21.54 9.2663
"467" 667.042 19.06 9.2458
"468" 666.958 15.48 10.398
"469" 666.875 12.71 11.329
"470" 666.792 11.38 12.634
"471" 666.708 10.87 14.429
"472" 666.625 11.2 16.106
"473" 666.542 11.19 17.431
"474" 666.458 11.47 17.852
"475" 666.375 13.3 16.803
"476" 666.292 15.5 14.885
"477" 666.208 16.87 12.475
"478" 666.125 16.89 10.511
"479" 666.042 15.19 9.081
"480" 665.958 13.52 8.9144
"481" 665.875 12.99 9.1201
"482" 665.792 12.93 9.9818
"483" 665.708 13.34 11.243
"484" 665.625 13.96 12.548
"485" 665.542 14.49 13.631
"486" 665.458 14.73 13.589
"487" 665.375 14.6 12.94
"488" 665.292 13.94 12.14
"489" 665.208 13.21 11.185
"490" 665.125 12.17 10.707
"491" 665.042 11.24 9.7107
"492" 664.958 10.09 8.8338
"493" 664.875 8.85 8.8561
"494" 664.792 8.06 8.4798
"495" 664.708 7.97 8.9524
"496" 664.625 8.13 9.972
"497" 664.542 8.5 11.124
"498" 664.458 9.19 12.605
"499" 664.375 10.06 13.53
"500" 664.292 11.4 13.121
"501" 664.208 11.99 11.872
"502" 664.125 10.93 10.812
"503" 664.042 10.06 10.439
"504" 663.958 8.89 10.312
"505" 663.875 7.95 10.231
"506" 663.792 7.57 10.347
"507" 663.708 7.33 11.877
"508" 663.625 7.63 13.034
"509" 663.542 8.92 14.218
"510" 663.458 10.75 14.607
"511" 663.375 12.19 13.425
"512" 663.292 13.76 11.591
"513" 663.208 14.43 9.9873
"514" 663.125 13.34 8.884
"515" 663.042 12.22 8.2577
"516" 662.958 11.79 7.8021
"517" 662.875 11.58 7.6556
"518" 662.792 12.18 8.5593
"519" 662.708 12.85 10.657
"520" 662.625 13.31 12.612
"521" 662.542 13.52 15.651
"522" 662.458 13.99 17.932
"523" 662.375 14.7 18.667
"524" 662.292 14.86 18.021
"525" 662.208 15.04 16.657
"526" 662.125 14.86 14.575
"527" 662.042 14.27 12.702
"528" 661.958 13.66 10.811
"529" 661.875 13.74 10.153
"530" 661.792 14.43 10.353
"531" 661.708 15.65 10.453
"532" 661.625 16.79 10.887
"533" 661.542 17.66 11.705
"534" 661.458 18.81 11.738
"535" 661.375 19.57 11.462
"536" 661.292 19.04 10.328
"537" 661.208 17.98 9.3719
"538" 661.125 16.69 8.3317
"539" 661.042 15.35 7.4888
"540" 660.958 13.72 7.6875
"541" 660.875 11.72 8.2172
"542" 660.792 10.91 8.9288
"543" 660.708 10.97 9.5101
"544" 660.625 10.81 10.342
"545" 660.542 11.8 10.984
"546" 660.458 12.66 12.753
"547" 660.375 12.23 13.005
"548" 660.292 11.48 13.026
"549" 660.208 10.62 12.169
"550" 660.125 9.97 10.813
"551" 660.042 9.49 9.4725
"552" 659.958 9.03 8.7357
"553" 659.875 8.73 7.738
"554" 659.792 7.91 7.7882
"555" 659.708 6.55 8.3491
"556" 659.625 6.28 9.7467
"557" 659.542 7.24 11.565
"558" 659.458 8.63 13.482
"559" 659.375 10.13 15.426
"560" 659.292 11.32 16.48
"561" 659.208 12.16 16.001
"562" 659.125 12.32 15.293
"563" 659.042 12.65 13.794
"564" 658.958 12.36 11.901
"565" 658.875 11.36 10.592
"566" 658.792 9.98 10.11
"567" 658.708 9.24 10.117
"568" 658.625 9.67 10.64
"569" 658.542 11.31 12.288
"570" 658.458 13.92 14.658
"571" 658.375 17.46 16.199
"572" 658.292 21.25 17.045
"573" 658.208 24.04 16.843
"574" 658.125 25.37 15.954
"575" 658.042 25.28 13.933
"576" 657.958 25.17 12.53
"577" 657.875 24.88 11.263
"578" 657.792 20.94 10.876
"579" 657.708 15.24 12.151
"580" 657.625 9.36 13.493
"581" 657.542 7.33 15.356
"582" 657.458 6.73 17.527
"583" 657.375 6.39 18.359
"584" 657.292 7.27 18.207
"585" 657.208 9.3 17.231
"586" 657.125 11.07 15.452
"587" 657.042 12.34 13.304
"588" 656.958 12.28 11.402
"589" 656.875 11.04 11.105
"590" 656.792 10.14 11.741
"591" 656.708 9.75 12.637
"592" 656.625 9.58 15.322
"593" 656.542 9.95 17.618
"594" 656.458 10.73 17.855
"595" 656.375 11.6 17.932
"596" 656.292 12.6 17.699
"597" 656.208 13.76 17.47
"598" 656.125 14.93 16.825
"599" 656.042 15.57 16.603
"600" 655.958 15.28 16.087
"601" 655.792 13.04 15.571
"602" 655.708 12.78 14.915
"603" 655.625 12.48 14.768
"604" 655.542 12.45 14.554
"605" 655.458 13.35 14.548
"606" 655.375 14.67 15.076
"607" 655.292 16.51 16.099
"608" 655.208 18.02 16.253
"609" 655.125 18.88 14.649
"610" 655.042 19.44 12.912
"611" 654.958 19.66 10.618
"612" 654.875 19.88 8.9688
"613" 654.792 19.27 7.8731
"614" 654.708 18.91 7.0585
"615" 654.625 18.8 7.7126
"616" 654.542 19.04 8.5913
"617" 654.458 19.27 9.6827
"618" 654.375 19.05 11.252
"619" 654.292 18.51 12.371
"620" 654.208 18.26 13.134
"621" 654.125 18.39 12.885
"622" 654.042 17.63 12.079
"623" 653.958 14.76 10.717
"624" 653.875 10.88 8.836
"625" 653.792 9.41 6.5759
"626" 653.708 9.19 5.3334
"627" 653.625 9.58 12.66
"628" 653.542 9.45 13.284
"629" 653.458 9.71 13.381
"630" 653.375 10.41 11.062
"631" 653.292 11.12 9.9079
"632" 653.208 12.26 10.211
"633" 653.125 13.07 11.291
"634" 653.042 12.78 11.976
"635" 652.958 11.72 12.064
"636" 652.875 10.95 13.728
"637" 652.792 11.11 13.699
"638" 652.708 11.77 14.107
"639" 652.625 12.39 15.017
"640" 652.542 13.49 14.275
"641" 652.458 15.41 13.846
"642" 652.375 17.28 12.849
"643" 652.292 17.44 10.171
"644" 652.208 16.31 9.6466
"645" 652.125 15.05 7.4379
"646" 652.042 14.41 7.622
"647" 651.958 13.56 8.6892
"648" 651.875 12.79 9.7958
"649" 651.792 12.36 10.999
"650" 651.708 12.24 12.653
"651" 651.625 12.28 13.767
"652" 651.542 12.65 14.371
"653" 651.458 12.78 14.187
"654" 651.375 12.87 13.847
"655" 651.292 13.55 13.823
"656" 651.208 14.91 14.188
"657" 651.125 15.57 12.865
"658" 651.042 15.19 10.785
"659" 650.958 14.28 12.013
"660" 650.875 12.96 14.129
"661" 650.792 11.63 16.649
"662" 650.708 11.02 17.696
"663" 650.625 11.55 16.378
"664" 650.542 12.42 15.717
"665" 650.458 13.33 14.091
"666" 650.375 14.54 12.375
"667" 650.292 15.2 11.023
"668" 650.208 15.41 10.197
"669" 650.125 15.49 9.3421
"670" 650.042 15.51 9.3394
"671" 649.958 16.16 9.6783
"672" 649.875 17.09 10.582
"673" 649.792 17.56 11.458
"674" 649.708 18.06 13.049
"675" 649.625 17.95 13.834
"676" 649.542 17.93 13.269
"677" 649.458 17.9 12.644
"678" 649.375 18.07 11.285
"679" 649.292 18.31 9.5972
"680" 649.208 18.91 8.01
"681" 649.125 18.97 7.6852
"682" 649.042 18.64 8.5953
"683" 648.958 17.81 9.7941
"684" 648.875 16.97 11.703
"685" 648.792 16.63 13.79
"686" 648.708 15.29 15.02
"687" 648.625 12.83 15.878
"688" 648.542 10.95 16.196
"689" 648.458 10.23 16.456
"690" 648.375 10.01 16.587
"691" 648.292 9.86 15.673
"692" 648.208 9.67 14.774
"693" 648.125 9.8 12.644
"694" 648.042 10.08 10.442
"695" 647.958 9.99 9.0913
"696" 647.875 9.65 8.4937
"697" 647.792 9.33 9.0437
"698" 647.708 9.3 9.9203
"699" 647.625 10.07 10.49
"700" 647.542 10.22 10.71
"701" 647.458 10.09 10.542
"702" 647.375 9.92 10.114
"703" 647.292 10.04 9.7132
"704" 647.208 10.06 9.3447
"705" 647.125 9.67 8.4607
"706" 647.042 9.31 7.933
"707" 646.958 9.18 8.2751
"708" 646.875 9.27 9.1425
"709" 646.792 9.98 10.497
"710" 646.708 11.3 11.899
"711" 646.625 12.6 12.57
"712" 646.542 13.72 12.624
"713" 646.458 14.67 12.036
"714" 646.375 14.93 11.022
"715" 646.292 14.78 10.188
"716" 646.208 14.21 9.344
"717" 646.125 13 9.3301
"718" 646.042 11.82 10.102
"719" 645.958 10.94 11.427
"720" 645.875 10.25 13.313
"721" 645.792 10.14 14.315
"722" 645.708 9.52 15.491
"723" 645.625 8.75 16.259
"724" 645.542 9.3 15.985
"725" 645.458 9.5 15.36
"726" 645.375 10.06 13.947
"727" 645.292 13.22 13.126
"728" 645.208 16.68 12.656
"729" 645.125 18.8 12.488
"730" 645.042 18.86 13.944
"731" 644.958 16.33 16.599
"732" 644.875 13.88 20.925
"733" 644.792 12.02 23.859
"734" 644.708 10.69 24.798
"735" 644.625 10.07 24.048
"736" 644.542 10.55 21.073
"737" 644.458 10.79 16.186
"738" 644.375 11.11 12.451
"739" 644.292 11.52 10.502
"740" 644.208 11.98 9.7473
"741" 644.125 11.91 9.8834
"742" 644.042 11.41 9.9213
"743" 643.958 10.57 9.4319
"744" 643.875 9.74 9.2364
"745" 643.792 9.64 9.3922
"746" 643.708 9.56 9.773
"747" 643.625 9.52 10.349
"748" 643.542 10.01 10.789
"749" 643.458 10.58 10.629
"750" 643.375 11.81 10.189
"751" 643.292 12.91 10.119
"752" 643.208 12.97 9.2762
"753" 643.125 12.5 8.8301
"754" 643.042 11.35 8.9285
"755" 642.958 10.2 9.2055
"756" 642.875 9.26 10.549
"757" 642.792 8.76 12.402
"758" 642.708 9.03 14.579
"759" 642.625 10.2 16.013
"760" 642.542 11.82 16.927
"761" 642.458 13.15 17.525
"762" 642.375 15.33 17.339
"763" 642.292 17.83 16.468
"764" 642.208 18.52 15.26
"765" 642.125 18.45 13.871
"766" 642.042 17.12 12.513
"767" 641.958 14.34 10.88
"768" 641.875 11.73 10.202
"769" 641.792 10.25 9.8436
"770" 641.708 10.37 9.695
"771" 641.625 10.71 11.801
"772" 641.542 10.83 13.564
"773" 641.458 11.33 14.372
"774" 641.375 12.1 13.738
"775" 641.292 12.89 15.051
"776" 641.208 13.42 15.145
"777" 641.125 13.07 14.502
"778" 640.958 10.12 14.097
"779" 640.875 9.24 13.077
"780" 640.792 8.79 11.831
"781" 640.708 8.85 13.592
"782" 640.625 9.27 18.795
"783" 640.542 9.35 17.199
"784" 640.458 9.8 17.078
"785" 640.375 10.74 17.902
"786" 640.292 11.97 17.795
"787" 640.208 12.58 16.705
"788" 640.125 12.37 15.087
"789" 640.042 11.38 13.961
"790" 639.958 10.42 12.836
"791" 639.875 9.62 11.945
"792" 639.792 9.06 11.993
"793" 639.708 9.12 12.718
"794" 639.625 9.83 14.282
"795" 639.542 10.33 16.427
"796" 639.458 10.77 19.187
"797" 639.375 11 21.307
"798" 639.292 11.3 20.627
"799" 639.208 11.73 18.163
"800" 639.125 11.84 13.896
"801" 639.042 11.92 9.9085
"802" 638.958 11.78 7.7638
"803" 638.875 11.58 7.6076
"804" 638.792 11.48 7.9682
"805" 638.708 11.4 8.5631
"806" 638.625 11.54 10.368
"807" 638.542 11.99 11.83
"808" 638.458 12.25 12.433
"809" 638.375 12.09 12.243
"810" 638.292 12.6 11.809
"811" 638.208 13.12 11.241
"812" 638.125 13.19 10.416
"813" 638.042 13.48 9.1111
"814" 637.958 14.01 8.3304
"815" 637.875 14.86 8.0417
"816" 637.792 15.64 7.8723
"817" 637.708 17.66 7.6111
"818" 637.625 20.08 8.372
"819" 637.542 23.19 9.4674
"820" 637.458 25.77 10.48
"821" 637.375 28.24 11.051
"822" 637.292 28.57 10.545
"823" 637.208 26.83 9.5816
"824" 637.125 24.51 8.523
"825" 637.042 22.16 8.3471
"826" 636.958 18.32 8.1191
"827" 636.875 13.51 8.0241
"828" 636.792 10.98 8.3627
"829" 636.708 9.62 9.1161
"830" 636.625 9.32 10.135
"831" 636.542 9.44 10.461
"832" 636.458 10.67 10.905
"833" 636.375 13.49 10.685
"834" 636.292 17.03 10.014
"835" 636.208 18.41 8.8501
"836" 636.125 16.23 7.4895
"837" 636.042 11.97 7.2015
"838" 635.958 9.85 6.8058
"839" 635.875 9.37 6.7367
"840" 635.792 9.28 6.979
"841" 635.708 9.45 7.4062
"842" 635.625 10.09 8.34
"843" 635.542 10.63 9.3171
"844" 635.458 11.65 10.672
"845" 635.375 12.83 11.995
"846" 635.292 13.52 12.068
"847" 635.208 13.72 11.254
"848" 635.125 13.33 10.657
"849" 635.042 12.94 9.6517
"850" 634.958 11.27 8.9652
"851" 634.875 8.97 8.1181
"852" 634.792 7.78 8.3207
"853" 634.292 9.23 8.8907
"854" 634.208 12.25 9.9911
"855" 634.125 16.34 10.763
"856" 634.042 18.33 12.412
"857" 633.958 17.89 14.624
"858" 633.875 16.38 16.474
"859" 633.792 14.18 16.68
"860" 633.708 12.44 15.809
"861" 633.625 11.81 14.658
"862" 633.542 12.28 13.469
"863" 633.458 13.01 13.034
"864" 633.375 13.98 13.307
"865" 633.292 15.08 14.352
"866" 633.208 17.56 16.161
"867" 633.125 21.47 18.621
"868" 633.042 26.41 18.812
"869" 632.958 31.73 18.015
"870" 632.875 35.77 17.6
"871" 632.792 37.39 16.684
"872" 632.708 36.49 16.014
"873" 632.625 33.63 15.01
"874" 632.542 30.18 13.811
"875" 632.458 27.56 12.503
"876" 632.375 27.59 12.118
"877" 632.292 28.78 11
"878" 632.208 29.16 11.668
"879" 632.125 28.73 13.18
"880" 632.042 27.75 14.697
"881" 631.958 26.02 16.38
"882" 631.875 23.96 17.167
"883" 631.792 21.21 16.557
"884" 631.708 18.58 14.223
"885" 631.625 16.45 11.273
"886" 631.542 15.47 9.4349
"887" 631.458 14.72 8.9853
"888" 631.375 13.89 9.1337
"889" 631.292 12.7 9.9918
"890" 631.208 11.74 11.273
"891" 631.125 11.04 13.505
"892" 631.042 9.8 15.621
"893" 630.958 9.29 16.697
"894" 630.875 9.85 18.455
"895" 630.792 10.64 18.823
"896" 630.708 11.69 18.383
"897" 630.625 12.66 18.157
"898" 630.542 13.31 17.978
"899" 630.458 13.54 17.408
"900" 630.375 13.93 17.39
"901" 630.292 15.14 17.539
"902" 630.208 16.14 18.561
"903" 630.125 16.02 19.778
"904" 630.042 14.46 20.14
"905" 629.958 13.01 19.762
"906" 629.875 11.92 13.783
"907" 629.792 11.11 12.007
"908" 629.708 11.18 9.8293
"909" 629.625 12.24 9.2947
"910" 629.542 13.47 9.8756
"911" 629.458 14.34 11.727
"912" 629.375 16.17 13.887
"913" 629.292 19.48 16.472
"914" 629.208 22.87 17.992
"915" 629.125 25.87 16.992
"916" 629.042 27.85 14.731
"917" 628.958 28.53 12.024
"918" 628.875 28.09 9.9763
"919" 628.792 26.68 9.6262
"920" 628.708 25.94 9.31
"921" 628.625 26.41 9.7474
"922" 628.542 29.56 10.834
"923" 628.458 34.99 13.047
"924" 628.375 42.02 15.082
"925" 628.292 50.52 15.644
"926" 628.208 58.56 15.13
"927" 628.125 65.85 13.826
"928" 628.042 74.63 11.772
"929" 627.958 86.84 10.378
"930" 627.875 101.97 10.222
"931" 627.792 118.34 10.46
"932" 627.708 135.53 10.567
"933" 627.625 148.46 10.898
"934" 627.542 155.22 11.556
"935" 627.458 157.21 12.199
"936" 627.375 156.92 13.215
"937" 627.292 150.63 15.178
"938" 627.208 136.62 15.673
"939" 627.125 118.42 15.277
"940" 627.042 94.7 14.554
"941" 626.958 70.97 13.671
"942" 626.875 51.03 12.902
"943" 626.792 43.05 12.545
"944" 626.708 37.41 12.604
"945" 626.625 32.44 12.008
"946" 626.542 33.11 11.336
"947" 626.458 34.42 10.347
"948" 626.375 34.89 9.7177
"949" 626.292 34.2 9.667
"950" 626.208 30.58 10.318
"951" 626.125 25.61 10.814
"952" 626.042 20.42 10.814
"953" 625.958 16.33 11.525
"954" 625.875 14.02 11.878
"955" 625.792 12.62 11.85
"956" 625.708 11.46 11.521
"957" 625.625 9.98 11.248
"958" 625.542 8.7 10.996
"959" 625.458 8.38 10.418
"960" 625.375 8.97 10.253
"961" 625.292 10.41 10.326
"962" 625.208 12.1 10.717
"963" 625.125 13.69 11.616
"964" 625.042 14.63 12.805
"965" 624.958 14.78 13.66
"966" 624.875 14.35 14.589
"967" 624.792 13.33 14.443
"968" 624.708 12.03 13.542
"969" 624.625 10.69 12.021
"970" 624.542 10.16 10.385
"971" 624.458 10.17 9.9586
"972" 624.375 10.86 9.7798
"973" 624.292 11.66 9.9805
"974" 624.208 12.36 10.14
"975" 624.125 12.31 10.425
"976" 624.042 12.04 11.534
"977" 623.958 10.93 13.235
"978" 623.875 9.5 14.559
"979" 623.792 9.04 16.078
"980" 623.708 9.9 16.276
"981" 623.625 11.39 14.524
"982" 623.542 13.78 13.02
"983" 623.458 16.99 11.506
"984" 623.375 20.08 9.9777
"985" 623.292 21.77 9.7346
"986" 623.208 21.48 10.499
"987" 623.125 18.38 11.745
"988" 623.042 13.99 12.273
"989" 622.958 9.55 13.579
"990" 622.875 6.45 15.803
"991" 622.792 5.23 15.863
"992" 622.708 5.51 15.458
"993" 622.625 6.43 15.116
"994" 622.542 7.53 13.768
"995" 622.458 8.84 11.654
"996" 622.375 10.67 10.763
"997" 622.292 12.64 10.103
"998" 622.208 14.47 9.9188
"999" 622.125 15.68 9.2755
"1000" 622.042 15.12 9.5108
"1001" 621.958 13.67 10.039
"1002" 621.875 12.51 10.81
"1003" 621.792 11.51 11.412
"1004" 621.708 11.13 11.832
"1005" 621.625 11.95 12.906
"1006" 621.542 13.25 13.212
"1007" 621.458 14.35 12.448
"1008" 621.375 15.25 12.167
"1009" 621.292 15.53 11.592
"1010" 621.208 15.65 11.627
"1011" 621.125 14.91 11.47
"1012" 621.042 13.57 11.385
"1013" 620.958 12.01 12.074
"1014" 620.875 10.75 13.295
"1015" 620.792 9.44 14.931
"1016" 620.708 8.91 16.827
"1017" 620.625 8.54 18.328
"1018" 620.542 9.7 18.928
"1019" 620.458 10.9 17.181
"1020" 620.375 11.92 15.31
"1021" 620.292 12.85 13.048
"1022" 620.208 13.18 11.45
"1023" 620.125 13.82 11.737
"1024" 620.042 14.39 12.549
"1025" 619.958 14.31 14.01
"1026" 619.875 13.14 16.325
"1027" 619.792 11.5 17.902
"1028" 619.708 9.6 17.875
"1029" 619.625 8.26 16.856
"1030" 619.542 7.84 16.347
"1031" 619.458 7.72 15.589
"1032" 619.375 8.45 13.394
"1033" 619.292 9.2 11.4
"1034" 619.208 9.65 11.125
"1035" 619.125 9.61 12.95
"1036" 619.042 9.21 15.125
"1037" 618.958 8.22 16.603
"1038" 618.875 7.63 17.345
"1039" 618.792 7.95 17.883
"1040" 618.708 8.75 18.669
"1041" 618.625 9.76 18.277
"1042" 618.542 10.9 16.832
"1043" 618.458 12.52 15.539
"1044" 618.375 14.32 13.935
"1045" 618.292 15.69 12.762
"1046" 618.208 15.87 11.494
"1047" 618.125 15.11 12.636
"1048" 618.042 13.91 14.673
"1049" 617.958 12.61 17.735
"1050" 617.875 11.47 21.352
"1051" 617.792 10.62 24.1
"1052" 617.708 10.29 25.61
"1053" 617.625 10.41 25.436
"1054" 617.542 10.84 23.167
"1055" 617.458 11.43 19.389
"1056" 617.375 12.01 16.123
"1057" 617.292 12.73 14.26
"1058" 617.208 13.27 13.187
"1059" 617.125 12.91 13.2
"1060" 617.042 11.63 14.095
"1061" 616.958 10.24 15.027
"1062" 616.875 8.84 16.722
"1063" 616.792 7.68 18.193
"1064" 616.708 6.88 18.258
"1065" 616.625 6.69 17.843
"1066" 616.542 7.14 16.852
"1067" 616.458 7.81 15.565
"1068" 616.375 8.82 13.611
"1069" 616.292 10.15 12.78
"1070" 616.208 11.47 13.139
"1071" 616.125 12.26 13.966
"1072" 616.042 12.15 15.42
"1073" 615.958 11.65 16.532
"1074" 615.875 11.18 17.672
"1075" 615.792 11.23 18.867
"1076" 615.708 11.81 18.291
"1077" 615.625 12.64 16.354
"1078" 615.542 13.42 14.025
"1079" 615.458 14.15 12.758
"1080" 615.375 14.8 12.047
"1081" 615.292 13.95 11.549
"1082" 615.208 13.72 12.497
"1083" 615.125 13.64 13.812
"1084" 615.042 12.55 15.134
"1085" 614.958 11.49 17.038
"1086" 614.875 10.9 17.934
"1087" 614.792 9.91 17.385
"1088" 614.708 9.19 16.396
"1089" 614.625 9.31 14.243
"1090" 614.542 9.73 12.06
"1091" 614.458 10.57 10.676
"1092" 614.375 11.5 10.329
"1093" 614.292 12.33 10.372
"1094" 614.208 12.87 9.6955
"1095" 614.125 12.93 7.5704
"1096" 614.042 12.44 7.6404
"1097" 613.958 11.59 7.437
"1098" 613.875 10.88 8.0047
"1099" 613.792 10.04 8.6267
"1100" 613.708 9.43 9.136
"1101" 613.625 9.34 10.096
"1102" 613.542 9.79 11.102
"1103" 613.458 10.26 13.181
"1104" 613.375 10.78 15.681
"1105" 613.292 12.05 16.373
"1106" 613.208 13.02 15.545
"1107" 613.125 13.04 13.248
"1108" 613.042 12.38 11.226
"1109" 612.958 11.46 10.295
"1110" 612.208 10.25 9.6396
"1111" 612.125 9.63 9.4993
"1112" 612.042 8.41 9.7839
"1113" 611.958 7.69 9.8349
"1114" 611.875 7.46 10.476
"1115" 611.792 7.49 11.57
"1116" 611.708 8.07 12.578
"1117" 611.625 9.44 13.804
"1118" 611.542 11.4 15.649
"1119" 611.458 14.03 16.84
"1120" 611.375 16.86 16.119
"1121" 611.292 18.78 13.878
"1122" 611.208 20.2 11.572
"1123" 611.125 20.4 10.609
"1124" 611.042 19.05 10.786
"1125" 610.958 17.4 11.744
"1126" 610.875 15.79 12.135
"1127" 610.792 13.88 12.521
"1128" 610.708 12.43 15.256
"1129" 610.625 11.59 17.753
"1130" 610.542 11.44 20.128
"1131" 610.458 11.29 21.104
"1132" 610.375 11.55 19.731
"1133" 610.292 12.12 18.126
"1134" 610.208 12.92 16.677
"1135" 610.125 13.38 14.97
"1136" 610.042 13.11 15.07
"1137" 609.958 12.3 15.528
"1138" 609.875 11.43 16.933
"1139" 609.792 10.93 18.124
"1140" 609.708 10.34 20.412
"1141" 609.625 10.08 21.898
"1142" 609.542 10.47 23.526
"1143" 609.458 11.13 24.579
"1144" 609.375 12.48 21.98
"1145" 609.292 14.26 19.737
"1146" 609.208 15.67 16.978
"1147" 609.125 16.74 14.675
"1148" 609.042 16.09 13.699
"1149" 608.958 14.18 12.4
"1150" 608.875 11.93 11.781
"1151" 608.792 10.84 11.901
"1152" 608.708 10.5 12.73
"1153" 608.625 10.45 14.543
"1154" 608.542 11.28 14.917
"1155" 608.458 13.08 14.226
"1156" 608.375 15.28 15.673
"1157" 608.292 16.52 16.046
"1158" 608.208 17.09 16.079
"1159" 608.125 17.06 15.35
"1160" 608.042 16.42 15.408
"1161" 607.958 15.48 15.533
"1162" 607.875 14.44 14.946
"1163" 607.792 14.49 19.667
"1164" 607.708 14.7 24.077
"1165" 607.625 14.95 27.021
"1166" 607.542 15.17 26.553
"1167" 607.458 15.78 23.625
"1168" 607.375 16.67 21.052
"1169" 607.292 17.51 17.575
"1170" 607.208 18.06 12.805
"1171" 607.125 17.75 14.527
"1172" 607.042 16.05 16.839
"1173" 606.958 13.61 16.168
"1174" 606.875 11.82 16.954
"1175" 606.792 11.31 19.337
"1176" 606.708 11.54 19.958
"1177" 606.625 12.48 19.919
"1178" 606.542 13.36 19.035
"1179" 606.458 14.9 16.072
"1180" 606.375 17.29 13.144
"1181" 606.292 20 11.454
"1182" 606.208 22.31 9.8504
"1183" 606.125 21.96 8.4806
"1184" 606.042 17.79 8.423
"1185" 605.958 14.14 8.3112
"1186" 605.875 11.86 8.7916
"1187" 605.792 10.67 9.9962
"1188" 605.708 10.12 10.723
"1189" 605.625 10.02 11.514
"1190" 605.542 10.37 12.608
"1191" 605.458 11.16 12.78
"1192" 605.375 12.41 12.658
"1193" 605.292 14.65 12.052
"1194" 605.208 16.81 11.166
"1195" 605.125 19.43 9.7751
"1196" 605.042 21.08 8.7679
"1197" 604.958 19.95 8.0337
"1198" 604.875 18.63 7.5677
"1199" 604.792 18.33 8.0648
"1200" 604.708 17.89 8.9564
"1201" 604.625 17.68 10.505
"1202" 604.542 17.57 11.693
"1203" 604.458 17.64 12.99
"1204" 604.375 18.06 13.998
"1205" 604.292 18.38 14.174
"1206" 604.208 18.61 13.782
"1207" 604.125 18.5 13.844
"1208" 604.042 17.78 15.46
"1209" 603.958 15.66 16.027
"1210" 603.875 12.6 14.81
"1211" 603.792 10.47 14.043
"1212" 603.708 8.7 16.056
"1213" 603.625 7.8 19.25
"1214" 603.542 8.4 18.841
"1215" 603.458 9.84 15.531
"1216" 603.375 11.59 12.706
"1217" 603.292 13.97 9.4945
"1218" 603.208 15.13 7.1792
"1219" 603.125 14.36 6.5533
"1220" 603.042 12.38 8.4245
"1221" 602.958 10.65 8.8226
"1222" 602.875 10.49 9.0835
"1223" 602.792 11.54 10.798
"1224" 602.708 12.31 13.308
"1225" 602.625 12.16 13.863
"1226" 602.542 11.79 13.617
"1227" 602.458 12.44 12.797
"1228" 602.375 13.45 11.607
"1229" 602.292 13.52 11.081
"1230" 602.208 12.63 9.6468
"1231" 602.125 11.15 10.695
"1232" 602.042 10.26 13.769
"1233" 601.958 10.35 17.584
"1234" 601.792 12.85 20.415
"1235" 601.708 14.12 22.733
"1236" 601.625 15.85 23.658
"1237" 601.542 17.18 21.862
"1238" 601.458 18.1 19.089
"1239" 601.375 19.01 16.383
"1240" 601.292 20.21 13.87
"1241" 601.208 20.73 10.944
"1242" 601.125 20.35 10.882
"1243" 601.042 18.36 11.861
"1244" 600.958 15.36 14.307
"1245" 600.875 12.32 17.118
"1246" 600.792 9.58 19.614
"1247" 600.708 8.81 21.212
"1248" 600.625 8.75 20.664
"1249" 600.542 8.87 22.676
"1250" 600.458 9.02 24.632
"1251" 600.375 9.23 16.85
"1252" 600.292 9.4 16.091
"1253" 600.208 10.15 15.92
"1254" 600.125 11.71 13.096
"1255" 600.042 14.06 12.422
"1256" 599.958 15.82 12.928
"1257" 599.875 16.29 13.413
"1258" 599.792 15.48 15.13
"1259" 599.708 14.61 15.313
"1260" 599.625 14.73 14.933
"1261" 599.542 15.26 16.638
"1262" 599.458 14.8 16.385
"1263" 599.375 14.03 14.854
"1264" 599.292 13.47 13.333
"1265" 599.208 12.74 12.235
"1266" 599.125 12.28 10.883
"1267" 599.042 12.21 10.491
"1268" 598.958 12.25 10.611
"1269" 598.875 12.33 11.08
"1270" 598.792 12.55 12.63
"1271" 598.708 13.33 15.47
"1272" 598.625 14.83 17.601
"1273" 598.542 16.19 15.934
"1274" 598.458 16.77 15.846
"1275" 598.375 17.23 16.446
"1276" 598.292 17.84 15.042
"1277" 598.208 17.47 13.594
"1278" 598.125 16.52 13.392
"1279" 598.042 15.23 13.648
"1280" 597.958 13.29 13.263
"1281" 597.875 11.31 14.228
"1282" 597.792 10.05 15.545
"1283" 597.708 10.01 14.968
"1284" 597.625 11.31 15.94
"1285" 597.542 14.05 17.857
"1286" 597.458 17.24 17.12
"1287" 597.375 20.6 13.971
"1288" 597.292 23.53 11.158
"1289" 597.208 25.32 8.8561
"1290" 597.125 26.03 8.155
"1291" 597.042 25.3 9.192
"1292" 596.958 23 9.5776
"1293" 596.875 18.81 10.879
"1294" 596.792 15.68 12.71
"1295" 596.708 14.48 14.577
"1296" 596.625 14.07 14.17
"1297" 596.542 14.42 14.369
"1298" 596.458 14.74 15.202
"1299" 596.375 15.24 14.798
"1300" 596.292 17.59 13.876
"1301" 596.208 20.7 12.764
"1302" 596.125 22.88 10.281
"1303" 596.042 21.85 8.1286
"1304" 595.958 18.57 7.1598
"1305" 595.875 15.64 6.9142
"1306" 595.792 13.02 7.2754
"1307" 595.708 11.37 7.8492
"1308" 595.625 10.28 8.3419
"1309" 595.542 9.34 8.4387
"1310" 595.458 9.6 8.7688
"1311" 595.292 16.21 9.0566
"1312" 595.208 17.24 9.7304
"1313" 595.125 17.88 11.128
"1314" 595.042 17.23 11.582
"1315" 594.958 16.49 11.127
"1316" 594.875 15.76 10.972
"1317" 594.792 15.06 10.832
"1318" 594.708 14.97 11.051
"1319" 594.625 15.23 11.339
"1320" 594.542 14.62 12.255
"1321" 594.458 14.28 12.967
"1322" 594.375 13.8 12.799
"1323" 594.292 12.64 12.747
"1324" 594.208 11.16 12.262
"1325" 594.125 9.39 11.779
"1326" 594.042 8.71 10.881
"1327" 593.958 9.42 8.7758
"1328" 593.875 10.56 7.474
"1329" 593.792 11.94 7.0785
"1330" 593.708 13.49 8.5511
"1331" 593.625 15.34 10.378
"1332" 593.542 16.71 10.859
"1333" 593.458 17.49 10.06
"1334" 593.375 17.83 11.705
"1335" 593.292 16.96 13.231
"1336" 593.208 15.27 13.999
"1337" 593.125 13.86 14.241
"1338" 593.042 12.61 13.627
"1339" 592.958 10.83 12.491
"1340" 592.875 9.44 13.422
"1341" 592.792 8.85 14.824
"1342" 592.708 8.58 15.532
"1343" 592.625 8.68 15.271
"1344" 592.542 9.52 17.506
"1345" 592.458 10.43 16.657
"1346" 592.375 11.49 15.877
"1347" 592.292 12.52 14.268
"1348" 592.208 13.38 13.328
"1349" 592.125 13.46 13.339
"1350" 592.042 12.68 14.3
"1351" 591.958 11.49 15.48
"1352" 591.875 10.07 17.154
"1353" 591.792 8.52 18.969
"1354" 591.708 7.81 20.756
"1355" 591.625 7.89 22.132
"1356" 591.542 8.9 23.466
"1357" 591.458 10.56 21.198
"1358" 591.375 12.52 16.07
"1359" 591.292 14.14 16.119
"1360" 591.208 14.86 16.024
"1361" 591.125 14.41 16.556
"1362" 591.042 12.37 17.369
"1363" 590.958 10.43 18.854
"1364" 590.875 9.47 18.441
"1365" 590.792 9.7 20.589
"1366" 590.708 10.64 23.168
"1367" 590.625 11.92 23.747
"1368" 590.542 13.08 22.106
"1369" 590.458 14.07 18.588
"1370" 590.375 15.27 17.442
"1371" 590.292 15.98 16.661
"1372" 590.208 16.05 16.593
"1373" 590.125 15.69 17.01
"1374" 590.042 14.69 16.907
"1375" 589.958 14.7 16.019
"1376" 589.875 16.47 15.331
"1377" 589.792 19.8 14.813
"1378" 589.708 24.37 15.03
"1379" 589.625 29.45 15.673
"1380" 589.542 32.33 16.557
"1381" 589.458 31.58 17.456
"1382" 589.375 27.23 17.666
"1383" 589.292 22.64 15.895
"1384" 589.208 18.89 12.837
"1385" 589.125 15.95 9.1382
"1386" 589.042 14.45 6.2423
"1387" 588.958 14.11 4.8772
"1388" 588.875 14.19 13.311
"1389" 588.792 14.53 14.735
"1390" 588.708 14.54 15.082
"1391" 588.625 14.3 14.412
"1392" 588.542 14.42 13.93
"1393" 588.458 14.36 13.089
"1394" 588.375 13.75 13.192
"1395" 588.292 13.25 14.497
"1396" 588.208 12.62 15.433
"1397" 588.125 12.08 16.156
"1398" 588.042 12.06 16.719
"1399" 587.958 11.87 18.038
"1400" 587.875 12.04 18.891
"1401" 587.792 12.97 18.805
"1402" 587.708 13.81 16.292
"1403" 587.625 14.64 13.336
"1404" 587.542 14.97 11.107
"1405" 587.458 15.65 9.685
"1406" 587.375 16.94 9.7389
"1407" 587.292 17.57 9.4727
"1408" 587.208 17.41 10.158
"1409" 587.125 16.56 10.835
"1410" 587.042 14.32 12.018
"1411" 586.958 11.9 12.588
"1412" 586.875 10.44 12.156
"1413" 586.792 9.48 11.646
"1414" 586.708 8.44 11.282
"1415" 586.625 7.65 11.429
"1416" 586.542 7.37 11.816
"1417" 586.458 7.92 11.727
"1418" 586.375 9.49 11.309
"1419" 586.292 11.33 10.466
"1420" 586.208 12.72 8.3043
"1421" 586.125 13.81 9.098
"1422" 586.042 15.81 12.369
"1423" 585.958 17.11 15.893
"1424" 585.875 18.47 20.825
"1425" 585.792 20.15 25.777
"1426" 585.708 22.02 27.269
"1427" 585.625 23.37 25.32
"1428" 585.542 24.11 16.74
"1429" 585.458 24.53 12.157
"1430" 585.375 24.04 9.1551
"1431" 585.292 22.76 7.9567
"1432" 585.208 20.72 8.5319
"1433" 585.125 18.85 9.661
"1434" 585.042 17.17 10.33
"1435" 584.958 15.53 12.034
"1436" 584.875 14.07 14.65
"1437" 584.792 12.82 16.963
"1438" 584.708 11.48 18.19
"1439" 584.625 10.81 17.809
"1440" 584.542 11.62 14.477
"1441" 584.458 12.63 12.305
"1442" 584.375 13.47 10.8
"1443" 584.292 13.87 11.838
"1444" 584.208 13.43 13.525
"1445" 584.125 12.65 15.363
"1446" 584.042 12.12 15.834
"1447" 583.958 11.63 15.461
"1448" 583.875 11.53 15.148
"1449" 583.792 11.77 13.864
"1450" 583.708 12.28 11.619
"1451" 583.625 12.85 11.261
"1452" 583.542 13.46 11.107
"1453" 583.458 13.73 10.975
"1454" 583.375 13.5 11.91
"1455" 583.292 13.15 12.237
"1456" 583.208 13.03 13.044
"1457" 583.125 13.27 18.52
"1458" 583.042 14.03 21.372
"1459" 582.958 13.98 19.977
"1460" 582.875 13.01 19.05
"1461" 582.792 11.96 17.545
"1462" 582.708 11.27 14.201
"1463" 582.625 10.97 12.738
"1464" 582.542 11.16 12.829
"1465" 582.458 12 13.531
"1466" 582.375 13.17 15.815
"1467" 582.292 15.08 17.295
"1468" 582.208 17.7 16.109
"1469" 582.125 20.95 14.728
"1470" 582.042 23.99 16.888
"1471" 581.958 26.42 19.27
"1472" 581.875 27.44 18.933
"1473" 581.792 25.75 17.969
"1474" 581.708 22.36 16.276
"1475" 581.625 17.96 15.492
"1476" 581.542 13.96 15.003
"1477" 581.458 12.08 14.556
"1478" 581.375 11.54 13.709
"1479" 581.292 11.16 14.378
"1480" 581.208 10.41 16.061
"1481" 581.125 9.3 17.849
"1482" 581.042 8.06 17.643
"1483" 580.958 7.76 20.58
"1484" 580.875 8.49 21.443
"1485" 580.792 9.28 16.075
"1486" 580.708 10.16 15.477
"1487" 580.625 11.04 14.435
"1488" 580.542 11.62 13.74
"1489" 580.458 12.35 12.737
"1490" 580.375 13.57 13.199
"1491" 580.292 14.9 13.719
"1492" 580.208 16.39 13.83
"1493" 580.125 16.76 12.91
"1494" 580.042 14.86 14.405
"1495" 579.958 12.52 17.423
"1496" 579.875 10.81 20.26
"1497" 579.792 10.38 22.653
"1498" 579.708 9.86 21.247
"1499" 579.625 9.3 16.847
"1500" 579.542 9.19 18.163
"1501" 579.458 9.18 19.465
"1502" 579.375 9.63 21.322
"1503" 579.292 10.23 23.25
"1504" 579.208 10.55 24.683
"1505" 579.125 10.87 27.595
"1506" 579.042 11.63 30.904
"1507" 578.958 11.71 34.664
"1508" 578.875 11.66 40.004
"1509" 578.792 11.33 44.859
"1510" 578.708 11.04 48.869
"1511" 578.625 11.01 51.118
"1512" 578.542 11.42 52.838
"1513" 578.458 12.51 55.874
"1514" 578.375 13.54 59.653
"1515" 578.292 14.35 63.956
"1516" 578.208 14.78 68.153
"1517" 578.125 14.93 69.692
"1518" 578.042 14.41 71.997
"1519" 577.958 13.35 72.871
"1520" 577.875 12.24 71.621
"1521" 577.792 12.34 67.063
"1522" 577.708 12.69 61.738
"1523" 577.625 13.75 53.686
"1524" 577.542 15.65 43.93
"1525" 577.458 17.44 39.173
"1526" 577.375 18.72 37.879
"1527" 577.292 19.33 39.245
"1528" 577.208 18.76 34.155
"1529" 577.125 16.76 25.123
"1530" 577.042 14.54 23.898
"1531" 576.958 11.6 22.653
"1532" 576.875 9.35 18.194
"1533" 576.792 9.25 16.861
"1534" 576.708 10.85 15.172
"1535" 576.625 12.39 11.634
"1536" 576.542 11.63 8.7053
"1537" 576.458 11.49 9.8808
"1538" 576.375 12.44 10.765
"1539" 576.292 14.23 10.652
"1540" 576.208 16.52 11.098
"1541" 576.125 19.1 9.5278
"1542" 576.042 20.88 9.8708
"1543" 575.958 21.58 9.8318
"1544" 575.875 21.27 9.528
"1545" 575.792 21.12 11.232
"1546" 575.708 21.67 13.819
"1547" 575.625 23.65 14.292
"1548" 575.542 26.78 14.095
"1549" 575.458 31.2 13.388
"1550" 575.375 38.25 12.182
"1551" 575.292 46.73 11.017
"1552" 575.208 54.38 9.0702
"1553" 575.125 59.77 9.0375
"1554" 575.042 61.69 9.0618
"1555" 574.958 59.89 9.2601
"1556" 574.875 56.3 9.9158
"1557" 574.792 54.48 10.773
"1558" 574.708 55.56 12.204
"1559" 574.625 58.58 13.359
"1560" 574.542 63.6 13.572
"1561" 574.458 69.11 13.779
"1562" 574.375 73.13 13.418
"1563" 574.292 72.67 13.091
"1564" 574.208 67.05 12.239
"1565" 574.125 57.91 10.761
"1566" 574.042 46.74 10.196
"1567" 573.958 34.29 10.721
"1568" 573.875 22.8 11.342
"1569" 573.792 15.39 12.287
"1570" 573.708 11.6 13.033
"1571" 573.625 10.41 14.242
"1572" 573.542 9.92 15.057
"1573" 573.458 9.8 15.213
"1574" 573.375 10.52 15.288
"1575" 573.292 12.04 14.841
"1576" 573.208 13.17 13.68
"1577" 573.042 14.03 13.547
"1578" 572.958 13.49 13.47
"1579" 572.875 11.91 11.598
"1580" 572.792 10.13 10.73
"1581" 572.708 9.39 10.695
"1582" 572.625 9.31 10.477
"1583" 572.542 9.96 9.7953
"1584" 572.458 11.11 9.4
"1585" 572.375 12.37 9.3609
"1586" 572.292 15.2 10.022
"1587" 572.208 17.46 8.353
"1588" 572.125 18.74 8.3967
"1589" 572.042 18.75 10.2
"1590" 571.958 18.77 12.261
"1591" 571.875 18.85 14.729
"1592" 571.792 18.64 16.65
"1593" 571.708 18.26 17.777
"1594" 571.625 18.47 17.509
"1595" 571.542 18.68 16.846
"1596" 571.458 19.44 15.223
"1597" 571.375 20.4 13.407
"1598" 571.292 22.07 11.513
"1599" 571.208 23.78 10.329
"1600" 571.125 25.33 10.515
"1601" 571.042 25.83 11.769
"1602" 570.958 25.72 12.68
"1603" 570.875 24.4 13.507
"1604" 570.792 22.55 14.596
"1605" 570.708 21.51 16.116
"1606" 570.625 20.92 17.1
"1607" 570.542 19.74 16.941
"1608" 570.458 18.3 16.236
"1609" 570.375 17.34 14.505
"1610" 570.292 16.75 12.316
"1611" 570.208 16.13 11.108
"1612" 570.125 15.41 9.1397
"1613" 570.042 14.26 8.2659
"1614" 569.958 12.95 8.4173
"1615" 569.875 12.31 8.5685
"1616" 569.792 12.65 9.1556
"1617" 569.708 13.57 12.784
"1618" 569.625 14.23 14.561
"1619" 569.542 13.96 12.271
"1620" 569.458 13.21 12.993
"1621" 569.375 12.67 11.128
"1622" 569.292 12.33 8.7132
"1623" 569.208 11.67 7.3439
"1624" 569.125 10.69 8.101
"1625" 569.042 9.82 7.6481
"1626" 568.958 9.31 6.898
"1627" 568.875 9.22 8.6124
"1628" 568.792 9.33 10.499
"1629" 568.708 9.52 15.692
"1630" 568.625 9.87 15.83
"1631" 568.542 11.03 15.112
"1632" 568.458 12.45 14.188
"1633" 568.375 14 12.079
"1634" 568.292 15.08 10.252
"1635" 568.208 15.01 9.1347
"1636" 568.125 14.01 8.6498
"1637" 568.042 12.85 8.6336
"1638" 567.958 12.03 9.1166
"1639" 567.875 12.01 9.7623
"1640" 567.792 12.08 10.736
"1641" 567.708 12.01 12.154
"1642" 567.625 11.8 13.087
"1643" 567.542 11.9 13.732
"1644" 567.458 12.5 13.679
"1645" 567.375 13.58 12.009
"1646" 567.292 15.1 10.691
"1647" 567.208 15.88 8.6074
"1648" 567.125 16.32 7.6486
"1649" 567.042 16.39 6.9035
"1650" 566.958 16.58 7.431
"1651" 566.875 17.4 8.4029
"1652" 566.792 17.34 8.1696
"1653" 566.708 17.46 7.1501
"1654" 566.625 18.54 4.7576
"1655" 566.542 20.05 3.7458
"1656" 566.458 21.06 6.3805
"1657" 566.375 21.61 10.124
"1658" 566.292 21.4 12.347
"1659" 566.208 20.91 14.41
"1660" 566.125 20.32 14.953
"1661" 566.042 19.06 10.527
"1662" 565.958 17.7 7.0905
"1663" 565.875 15.5 4.7151
"1664" 565.792 13.42 5.1668
"1665" 565.708 11.67 6.0119
"1666" 565.625 10.4 6.1133
"1667" 565.542 10.1 5.5643
"1668" 565.458 10.51 5.6594
"1669" 565.375 11.87 7.0155
"1670" 565.292 13.42 8.8225
"1671" 565.208 14.48 9.2538
"1672" 565.125 14.64 8.5202
"1673" 565.042 14.28 9.2217
"1674" 564.875 13.33 9.3671
"1675" 564.792 11.8 9.6178
"1676" 564.708 10.82 6.7097
"1677" 564.625 11.38 6.6496
"1678" 564.542 12.07 5.7999
"1679" 564.458 13.03 7.2177
"1680" 564.375 13.57 8.7632
"1681" 564.292 13.49 9.0639
"1682" 564.208 13.43 9.1635
"1683" 564.125 13 9.7667
"1684" 564.042 12.49 9.1603
"1685" 563.958 12.01 8.3158
"1686" 563.875 11.12 7.8454
"1687" 563.792 9.89 7.6452
"1688" 563.708 9.14 7.6908
"1689" 563.625 9.09 8.0893
"1690" 563.542 9.58 9.0419
"1691" 562.625 10.06 13.62
"1692" 562.542 10.79 16.604
"1693" 562.458 11.95 17.331
"1694" 562.375 12.85 18.99
"1695" 562.292 13.46 18.923
"1696" 562.208 14.1 19.341
"1697" 562.125 15.41 14.287
"1698" 562.042 16.9 11.455
"1699" 561.958 18.37 11.427
"1700" 561.875 19.06 11.821
"1701" 561.292 19.98 8.1022
"1702" 561.208 20.26 9.0564
"1703" 561.125 20.52 10.188
"1704" 561.042 20.02 11.587
"1705" 560.958 18.97 12.514
"1706" 560.875 16.88 13.822
"1707" 560.792 14.89 15.019
"1708" 560.708 14.16 15.176
"1709" 560.542 13.63 15.334
"1710" 560.458 13.32 15.666
"1711" 560.375 13.09 14.616
"1712" 560.292 13.6 11.57
"1713" 560.208 14 10.403
"1714" 560.125 14.04 9.2595
"1715" 560.042 13.71 9.5216
"1716" 559.958 13.33 11.599
"1717" 559.875 12.65 14.307
"1718" 559.792 11.63 16.474
"1719" 559.708 10.76 16.744
"1720" 559.625 10.94 15.536
"1721" 559.542 11.28 15.43
"1722" 559.458 13.49 14.625
"1723" 559.375 13.95 12.244
"1724" 559.292 14.15 12.121
"1725" 559.208 13.91 12.421
"1726" 559.125 13.32 12.265
"1727" 559.042 13.17 13.279
"1728" 558.81 13.75 13.553
"1729" 558.57 10.51 15.525
"1730" 558.33 14.1 18.07
"1731" 558.09 9.44 18.875
"1732" 557.85 7.53 15.278
"1733" 557.61 1.68 13.677
"1734" 557.38 4.61 10.905
"1735" 557.14 11.29 9.4194
"1736" 556.9 7.35 8.6032
"1737" 556.66 10.21 8.6913
"1738" 556.42 4.98 11.267
"1739" 556.19 15.1 12.2
"1740" 555.94 10.42 12.138
"1741" 555.7 14.76 14.083
"1742" 555.45 8.79 16.231
"1743" 555.2 17.68 18.761
"1744" 554.94 9.31 21.421
"1745" 554.66 12.15 17.485
"1746" 554.39 11.18 15.797
"1747" 554.12 16.46 16.396
"1748" 553.85 13.82 16.506
"1749" 553.58 12.27 17.928
"1750" 553.32 8.55 20.595
"1751" 553.06 19.17 21.252
"1752" 552.8 12.08 21.017
"1753" 552.53 13.06 22.655
"1754" 552.27 7.7 29.911
"1755" 552 11.77 34.852
"1756" 551.72 15.96 35.553
"1757" 551.45 8.73 34.697
"1758" 551.17 15.52 32.538
"1759" 550.9 5.49 31.001
"1760" 550.61 23.94 31.607
"1761" 550.32 9.48 32.616
"1762" 550.03 6.57 36.564
"1763" 549.74 9.26 43.051
"1764" 549.45 15.26 50.197
"1765" 549.16 6.16 50.201
"1766" 548.87 24.28 49.863
"1767" 548.58 17.2 48.717
"1768" 548.29 18.8 47.04
"1769" 548 8.17 45.609
"1770" 547.61 40.28 41.082
"1771" 547.21 25.37 33.839
"1772" 546.86 21.34 34.041
"1773" 546.55 13.75 25.142
"1774" 546.25 8.81 31.15
"1775" 545.95 7.21 31.373
"1776" 545.62 17.95 17.714
"1777" 545.3 14.99 15.815
"1778" 544.97 16.1 16.132
"1779" 544.65 18.32 16.979
"1780" 544.32 27.75 18.459
"1781" 543.99 13.21 19.008
"1782" 543.68 14.88 15.526
"1783" 543.38 10.5 13.088
"1784" 543.06 15.68 11.645
"1785" 542.74 8.98 10.89
"1786" 542.41 16.86 11.056
"1787" 542.09 24.47 11.648
"1788" 541.76 27.25 12.753
"1789" 541.43 20.97 15.128
"1790" 541.11 26.13 19.804
"1791" 540.8 30.51 24.642
"1792" 540.48 20.25 27.139
"1793" 540.18 34.54 23.507
"1794" 539.87 78.34 20.59
"1795" 539.58 13.35 20.953
"1796" 539.2 10.67 20.534
"1797" 538.83 19.14 17.552
"1798" 538.47 14.99 17.45
"1799" 538.1 32.3 17.261
"1800" 537.74 34.24 18.319
"1801" 537.38 50.62 18.429
"1802" 537.02 63.44 20.154
"1803" 536.66 170.6 22.289
"1804" 536.3 139.55 27.029
"1805" 535.91 77.84 24.519
"1806" 535.42 18.08 20.451
"1807" 534.96 11.08 17.4
"1808" 534.67 9.54 11.546
"1809" 534.38 16.02 10.84
"1810" 534.1 8.48 10.653
"1811" 533.68 5.92 10.478
"1812" 533.31 2.18 10.94
"1813" 532.92 11.97 11.224
"1814" 532.52 11.64 11.889
"1815" 532.12 6.67 17.016
"1816" 531.78 4.46 19.904
"1817" 531.48 4.06 21.915
"1818" 531.16 10.04 21.653
"1819" 530.82 15.14 21.118
"1820" 530.42 10.21 19.158
"1821" 530.01 9.29 15.909
"1822" 529.72 14.33 13.743
"1823" 529.42 7.98 12.538
"1824" 529.13 9.63 11.36
"1825" 528.86 15.99 10.939
"1826" 528.59 10.8 11.495
"1827" 528.33 5.41 11.905
"1828" 528.07 7.89 13.807
"1829" 527.78 11.94 16.063
"1830" 527.47 6.91 15.922
"1831" 527.16 10.82 15.36
"1832" 526.89 18.82 13.002
"1833" 526.67 4.92 10.519
"1834" 526.44 7.59 10.046
"1835" 526.21 7.53 9.2599
"1836" 525.97 14.76 9.5177
"1837" 525.66 14.27 7.4149
"1838" 525.36 9.67 5.6654
"1839" 525.05 10.17 8.4094
"1840" 524.77 18.01 10.624
"1841" 524.49 19.06 11.98
"1842" 524.22 13.13 13.463
"1843" 523.94 19 14.444
"1844" 523.66 12.13 16.721
"1845" 523.39 9.1 18.647
"1846" 523.12 12.52 18.491
"1847" 522.84 18.74 17.987
"1848" 522.56 8.3 17.171
"1849" 522.29 4.83 17.083
"1850" 522.01 59.84 17.955
"1851" 521.74 91 20.465
"1852" 521.46 55.96 21.032
"1853" 521.18 12.76 23.968
"1854" 520.93 3.23 22.768
"1855" 520.66 9.52 18.652
"1856" 520.4 6.89 16.826
"1857" 520.13 11.51 13.689
"1858" 519.86 7.53 10.956
"1859" 519.58 5.17 9.3164
"1860" 519.29 21.61 9.0322
"1861" 519.01 45.87 10.504
"1862" 518.79 15.69 11.554
"1863" 518.56 9.48 11.093
"1864" 518.33 13.79 11.57
"1865" 518.1 17.21 11.964
"1866" 517.87 6.39 13.636
"1867" 517.63 9.99 11.982
"1868" 517.39 18 12.506
"1869" 517.15 9.12 11.82
"1870" 516.9 4.93 7.7326
"1871" 516.63 5.11 6.3871
"1872" 516.37 7.42 7.5801
"1873" 516.1 11.66 8.4295
"1874" 515.85 20.29 9.4752
"1875" 515.6 15.7 11.449
"1876" 515.34 12.62 12.756
"1877" 514.98 1.07 12.156
"1878" 514.59 5.77 11.588
"1879" 514.22 13.94 10.332
"1880" 513.83 13.73 9.0959
"1881" 513.45 11.33 8.2005
"1882" 513.07 6.93 7.6595
"1883" 512.72 8.34 7.4255
"1884" 512.38 11.41 8.0044
"1885" 512.03 9.18 9.1027
"1886" 511.67 14.73 10.662
"1887" 511.31 31.8 13.123
"1888" 510.94 13.75 15.391
"1889" 510.54 17.4 17.492
"1890" 510.13 14.91 17.362
"1891" 509.73 8.81 17.678
"1892" 509.32 4.14 16.822
"1893" 509.03 9.83 11.915
"1894" 508.73 14.18 9.0485
"1895" 508.44 8.19 7.5248
"1896" 508.14 5.56 6.6152
"1897" 507.85 10.67 7.6902
"1898" 507.56 10.89 10.527
"1899" 507.27 10.23 11.184
"1900" 506.97 3.69 9.7515
"1901" 506.68 4.53 7.3418
"1902" 506.38 5.68 8.292
"1903" 506.09 11.85 10.33
"1904" 505.79 5.34 11.247
"1905" 505.5 7.25 12.444
"1906" 505.2 12.28 14.207
"1907" 504.958 19.33 16.788
"1908" 504.875 18.04 20.126
"1909" 504.792 16.15 24.392
"1910" 504.708 14.66 26.702
"1911" 504.625 12.96 25.34
"1912" 504.542 12.65 21.972
"1913" 504.458 13.18 18.916
"1914" 504.375 14.42 16.473
"1915" 504.292 16.18 15.212
"1916" 504.208 17.27 13.922
"1917" 504.125 18.66 13.261
"1918" 504.042 18.99 13.465
"1919" 503.958 17.92 14.954
"1920" 503.875 16.14 16.649
"1921" 503.792 14.22 18.356
"1922" 503.708 12.51 18.991
"1923" 503.625 11.64 15.97
"1924" 503.542 11.74 12.378
"1925" 503.458 12.47 12.126
"1926" 503.375 13.66 9.4317
"1927" 503.292 15.23 9.0498
"1928" 503.208 16.61 9.479
"1929" 503.125 17.19 10.319
"1930" 503.042 17.16 12.485
"1931" 502.958 16.16 14.757
"1932" 502.875 14.4 17.285
"1933" 502.792 14.28 17.46
"1934" 502.708 16 13.51
"1935" 502.625 18.04 12.128
"1936" 502.542 20.61 10.704
"1937" 502.458 23.81 10.294
"1938" 502.375 29.78 10.757
"1939" 502.292 41.85 11.537
"1940" 502.208 54.28 12.887
"1941" 502.125 59.3 14.738
"1942" 502.042 50.7 16.195
"1943" 501.958 40.68 16.542
"1944" 501.708 31.14 16.986
"1945" 501.625 25.78 17.438
"1946" 501.542 21.33 16.48
"1947" 501.458 20.26 13.968
"1948" 501.375 21.42 11.896
"1949" 501.292 23.04 10.609
"1950" 501.208 23.44 9.0011
"1951" 501.125 23.34 7.9789
"1952" 501.042 23.28 7.8494
"1953" 500.958 22.17 8.1486
"1954" 500.875 20.02 9.6347
"1955" 500.792 18.76 11.785
"1956" 500.708 18.74 13.202
"1957" 500.625 19.35 11.232
"1958" 500.542 19.74 12.631
"1959" 500.458 19.8 14.002
"1960" 500.208 19.93 12.02
"1961" 500.125 19.86 8.1051
"1962" 500.042 18.99 5.1586
"1963" NA NA 5.2121
"1964" NA NA 7.0084
"1965" NA NA 7.7638
"1966" NA NA 8.9864
"1967" NA NA 11.623
"1968" NA NA 13.511
"1969" NA NA 13.738
"1970" NA NA 12.673
"1971" NA NA 11.116
"1972" NA NA 8.8447
"1973" NA NA 7.1402
"1974" NA NA 7.2681
"1975" NA NA 7.801
"1976" NA NA 9.4576
"1977" NA NA 11.998
"1978" NA NA 14.014
"1979" NA NA 15.572
"1980" NA NA 16.086
"1981" NA NA 15.834
"1982" NA NA 14.221
"1983" NA NA 8.238
"1984" NA NA 5.2909
"1985" NA NA 7.1529
"1986" NA NA 7.5106
"1987" NA NA 8.134
"1988" NA NA 8.6668
"1989" NA NA 9.3374
"1990" NA NA 9.9398
"1991" NA NA 10.06
"1992" NA NA 9.545
"1993" NA NA 9.3302
"1994" NA NA 8.1414
"1995" NA NA 6.9553
"1996" NA NA 6.8709
"1997" NA NA 7.5629
"1998" NA NA 8.0239
"1999" NA NA 9.2331
"2000" NA NA 10.947
"2001" NA NA 11.969
"2002" NA NA 14.211
"2003" NA NA 16.773
"2004" NA NA 15.326
"2005" NA NA 15.668
"2006" NA NA 15.416
"2007" NA NA 12.619
"2008" NA NA 12.048
"2009" NA NA 10.85
"2010" NA NA 9.9465
"2011" NA NA 9.2723
"2012" NA NA 9.1118
"2013" NA NA 10.227
"2014" NA NA 11.131
"2015" NA NA 11.778
"2016" NA NA 12.558
"2017" NA NA 11.258
"2018" NA NA 9.6141
"2019" NA NA 7.0723
"2020" NA NA 6.4517
"2021" NA NA 6.6144
"2022" NA NA 6.8006
"2023" NA NA 7.7311
"2024" NA NA 9.4186
"2025" NA NA 11.046
"2026" NA NA 13.39
"2027" NA NA 14.416
"2028" NA NA 12.349
"2029" NA NA 13.254
"2030" NA NA 14.236
"2031" NA NA 13.892
"2032" NA NA 12.853
"2033" NA NA 12.91
"2034" NA NA 14.532
"2035" NA NA 16.188
"2036" NA NA 14.61
"2037" NA NA 16.57
"2038" NA NA 20.191
"2039" NA NA 21.17
"2040" NA NA 20.784
"2041" NA NA 19.547
"2042" NA NA 18.716
"2043" NA NA 15.437
"2044" NA NA 9.5951
"2045" NA NA 9.3567
"2046" NA NA 11.359
"2047" NA NA 12.594
"2048" NA NA 15.287
"2049" NA NA 18.323
"2050" NA NA 17.255
"2051" NA NA 18.855
"2052" NA NA 20.014
"2053" NA NA 19.359
"2054" NA NA 19.18
"2055" NA NA 15.489
"2056" NA NA 11.931
"2057" NA NA 11.78
"2058" NA NA 12.162
"2059" NA NA 7.9828
"2060" NA NA 9.6375
"2061" NA NA 13.059
"2062" NA NA 14.411
"2063" NA NA 17.483
"2064" NA NA 16.665
"2065" NA NA 13.748
"2066" NA NA 10.641
"2067" NA NA 7.5412
"2068" NA NA 7.8091
"2069" NA NA 7.8757
"2070" NA NA 8.3049
"2071" NA NA 9.7684
"2072" NA NA 12.112
"2073" NA NA 14.105
"2074" NA NA 15.444
"2075" NA NA 14.913
"2076" NA NA 13.554
"2077" NA NA 12.228
"2078" NA NA 11.04
"2079" NA NA 10.16
"2080" NA NA 9.8842
"2081" NA NA 10.317
"2082" NA NA 11.863
"2083" NA NA 13.899
"2084" NA NA 15.798
"2085" NA NA 19.995
"2086" NA NA 23.121
"2087" NA NA 21.313
"2088" NA NA 15.403
"2089" NA NA 11.652
"2090" NA NA 12.364
"2091" NA NA 11.619
"2092" NA NA 10.629
"2093" NA NA 9.6287
"2094" NA NA 9.4148
"2095" NA NA 9.8544
"2096" NA NA 10.878
"2097" NA NA 13.3
"2098" NA NA 14.946
"2099" NA NA 16.053
"2100" NA NA 15.874
"2101" NA NA 16.899
"2102" NA NA 15.304
"2103" NA NA 7.9271
"2104" NA NA 5.6478
"2105" NA NA 6.5232
"2106" NA NA 7.3757
"2107" NA NA 10.134
"2108" NA NA 13.981
"2109" NA NA 16.015
"2110" NA NA 15.659
"2111" NA NA 14.221
"2112" NA NA 12.128
"2113" NA NA 8.1373
"2114" NA NA 6.8923
"2115" NA NA 6.9191
"2116" NA NA 7.317
"2117" NA NA 9.1024
"2118" NA NA 11.257
"2119" NA NA 14.126
"2120" NA NA 17.132
"2121" NA NA 19.672
"2122" NA NA 19.947
"2123" NA NA 19.734
"2124" NA NA 19.498
"2125" NA NA 18.902
"2126" NA NA 16.342
"2127" NA NA 14.312
"2128" NA NA 13.132
"2129" NA NA 11.961
"2130" NA NA 11.651
"2131" NA NA 12.981
"2132" NA NA 15.339
"2133" NA NA 18.378
"2134" NA NA 18.596
"2135" NA NA 19.048
"2136" NA NA 19.68
"2137" NA NA 17.728
"2138" NA NA 14.703
"2139" NA NA 13.107
"2140" NA NA 13.451
"2141" NA NA 11.831
"2142" NA NA 9.9806
"2143" NA NA 12.91
"2144" NA NA 14.55
"2145" NA NA 16.351
"2146" NA NA 17.28
"2147" NA NA 16.439
"2148" NA NA 15.782
"2149" NA NA 14.972
"2150" NA NA 13.432
"2151" NA NA 12.721
"2152" NA NA 11.713
"2153" NA NA 10.842
"2154" NA NA 11.021
"2155" NA NA 12.324
"2156" NA NA 13.244
"2157" NA NA 13.814
"2158" NA NA 15.247
"2159" NA NA 17.612
"2160" NA NA 18.581
"2161" NA NA 14.288
"2162" NA NA 9.9282
"2163" NA NA 7.8637
"2164" NA NA 6.2749
"2165" NA NA 7.4776
"2166" NA NA 9.3173
"2167" NA NA 11.001
"2168" NA NA 13.429
"2169" NA NA 15.539
"2170" NA NA 16.207
"2171" NA NA 15.626
"2172" NA NA 14.903
"2173" NA NA 14.2
"2174" NA NA 12.256
"2175" NA NA 10.833
"2176" NA NA 11.143
"2177" NA NA 12.62
"2178" NA NA 14.693
"2179" NA NA 14.945
"2180" NA NA 16.663
"2181" NA NA 20.707
"2182" NA NA 16.019
"2183" NA NA 17.147
"2184" NA NA 14.436
"2185" NA NA 10.24
"2186" NA NA 9.4156
"2187" NA NA 9.0415
"2188" NA NA 10.889
"2189" NA NA 8.1162
"2190" NA NA 8.2217
"2191" NA NA 10.545
"2192" NA NA 12.598
"2193" NA NA 14.359
"2194" NA NA 16.609
"2195" NA NA 19.404
"2196" NA NA 19.35
"2197" NA NA 18.994
"2198" NA NA 18.79
"2199" NA NA 17.057
"2200" NA NA 15.265
"2201" NA NA 14.237
"2202" NA NA 12.924
"2203" NA NA 12.124
"2204" NA NA 12.346
"2205" NA NA 13.388
"2206" NA NA 15.086
"2207" NA NA 15.929
"2208" NA NA 15.643
"2209" NA NA 14.34
"2210" NA NA 11.537
"2211" NA NA 9.1843
"2212" NA NA 7.3194
"2213" NA NA 7.695
"2214" NA NA 7.4167
"2215" NA NA 4.6971
"2216" NA NA 8.2973
"2217" NA NA 10.989
"2218" NA NA 13.599
"2219" NA NA 16.27
"2220" NA NA 11.787
"2221" NA NA 6.7757
"2222" NA NA 8.0318
"2223" NA NA 7.6829
"2224" NA NA 7.0614
"2225" NA NA 7.5546
"2226" NA NA 8.3441
"2227" NA NA 9.576
"2228" NA NA 10.536
"2229" NA NA 11.412
"2230" NA NA 13.075
"2231" NA NA 14.209
"2232" NA NA 14.072
"2233" NA NA 11.962
"2234" NA NA 11.233
"2235" NA NA 11.004
"2236" NA NA 9.1735
"2237" NA NA 8.7241
"2238" NA NA 9.1429
"2239" NA NA 9.5192
"2240" NA NA 9.7957
"2241" NA NA 9.2316
"2242" NA NA 9.5247
"2243" NA NA 11.23
"2244" NA NA 12.741
"2245" NA NA 11.902
"2246" NA NA 10.518
"2247" NA NA 9.2035
"2248" NA NA 8.0918
"2249" NA NA 7.7462
"2250" NA NA 8.1959
"2251" NA NA 8.6033
"2252" NA NA 7.5349
