"year" "n_tree" "europe_temp_index"
"1" 2000 1.1 0.85
"2" 1999 0.39 0.79
"3" 1998 1.13 0.72
"4" 1997 0.97 0.87
"5" 1996 1.07 0.19
"6" 1995 0.6 0.49
"7" 1994 1.84 1.32
"8" 1993 0.53 0.32
"9" 1992 0.36 0.54
"10" 1991 0.79 0.69
"11" 1990 0.87 0.55
"12" 1989 1.06 0.43
"13" 1988 1.08 0.5
"14" 1987 -0.36 -0.26
"15" 1986 1.1 0.42
"16" 1985 0.49 0.03
"17" 1984 0.44 -0.45
"18" 1983 0.61 0.47
"19" 1982 0.63 0.31
"20" 1981 -0.06 -0.19
"21" 1980 0.87 0.02
"22" 1979 0.49 -0.1
"23" 1978 0.55 -0.54
"24" 1977 0.32 -0.52
"25" 1976 0.21 0.09
"26" 1975 -1.11 -0.39
"27" 1974 0.02 -0.18
"28" 1973 -0.08 0.1
"29" 1972 0.3 -0.01
"30" 1971 0.24 0.05
"31" 1970 0.64 0.47
"32" 1969 1.33 0.37
"33" 1968 -0.47 -0.24
"34" 1967 0.01 0.12
"35" 1966 -0.62 -0.24
"36" 1965 -0.29 -0.8
"37" 1964 0.2 -0.02
"38" 1963 0.03 -0.18
"39" 1962 -0.55 -0.33
"40" 1961 -0.21 -0.11
"41" 1960 -0.03 0.29
"42" 1959 0.05 0.69
"43" 1958 -0.23 0.15
"44" 1957 -0.17 -0.09
"45" 1956 0.13 -0.35
"46" 1955 0.54 0.17
"47" 1954 0.17 0.07
"48" 1953 0.78 0.62
"49" 1952 0.13 0.64
"50" 1951 0.39 0.53
"51" 1950 0.46 1.03
"52" 1949 -0.79 0.24
"53" 1948 -0.54 -0.1
"54" 1947 0.5 1.16
"55" 1946 0.15 0.55
"56" 1945 0.18 0.6
"57" 1944 -0.41 0.28
"58" 1943 0.24 0.51
"59" 1942 0.32 0.15
"60" 1941 -0.64 0.08
"61" 1940 0.38 -0.08
"62" 1939 1.01 0.36
"63" 1938 1.09 0.48
"64" 1937 1.64 0.86
"65" 1936 -0.09 0.05
"66" 1935 0 0.19
"67" 1934 -0.17 0.51
"68" 1933 0.19 0.21
"69" 1932 -0.43 0.08
"70" 1931 -0.33 -0.12
"71" 1930 0.44 0.71
"72" 1929 -0.45 0.11
"73" 1928 -0.24 0.15
"74" 1927 0.49 0.2
"75" 1926 0.07 -0.13
"76" 1925 0.31 0.15
"77" 1924 0.42 0.05
"78" 1923 -0.64 -0.67
"79" 1922 0.47 0.06
"80" 1921 -0.03 0.23
"81" 1920 -0.43 -0.16
"82" 1919 -0.85 -0.38
"83" 1918 -0.34 -0.18
"84" 1917 -0.48 0.21
"85" 1916 -1.39 -0.74
"86" 1915 -0.79 -0.47
"87" 1914 -1.02 -0.41
"88" 1913 -1.72 -0.86
"89" 1912 -1.09 -0.51
"90" 1911 -0.4 0.1
"91" 1910 -0.8 -0.39
"92" 1909 -0.78 -0.95
"93" 1908 -0.21 -0.02
"94" 1907 -0.77 -0.48
"95" 1906 -0.91 -0.27
"96" 1905 -1.04 -0.25
"97" 1904 -1.33 -0.21
"98" 1903 -1.47 -0.75
"99" 1902 -1.6 -1.05
"100" 1901 -0.02 0.4
"101" 1900 -0.95 -0.11
"102" 1899 -2.01 -0.71
"103" 1898 -0.31 -0.19
"104" 1897 -0.34 0.25
"105" 1896 -0.78 -0.31
"106" 1895 -0.22 0.28
"107" 1894 -0.53 0.08
"108" 1893 -1.36 -0.28
"109" 1892 -1.71 -0.56
"110" 1891 -1.59 -0.72
"111" 1890 -1.02 -0.45
"112" 1889 -0.82 -0.01
"113" 1888 -1.4 -0.88
"114" 1887 -1 -0.18
"115" 1886 -0.56 -0.3
"116" 1885 -1.65 -0.52
"117" 1884 -1.08 -0.32
"118" 1883 -0.01 0.18
"119" 1882 -0.62 -0.33
"120" 1881 -1.56 -0.47
"121" 1880 -1.15 -0.49
"122" 1879 0 0.12
"123" 1878 -0.31 -0.19
"124" 1877 -0.89 -0.27
"125" 1876 -0.38 0.07
"126" 1875 -0.22 0.45
"127" 1874 -0.65 -0.08
"128" 1873 -0.23 0.35
"129" 1872 -0.52 -0.04
"130" 1871 -1.33 -0.67
"131" 1870 0.08 0.2
"132" 1869 -0.99 -0.48
"133" 1868 -0.31 0.52
"134" 1867 -1.45 -0.45
"135" 1866 -0.67 -0.38
"136" 1865 -1.27 -0.12
"137" 1864 -1.06 -0.56
"138" 1863 -0.82 0
"139" 1862 -0.84 -0.14
"140" 1861 -0.21 0.4
"141" 1860 -0.62 -0.49
"142" 1859 -1.2 -0.06
"143" 1858 -0.55 0.11
"144" 1857 -1.29 -0.21
"145" 1856 -1.8 -0.69
"146" 1855 -1.19 -0.08
"147" 1854 -0.33 -0.01
"148" 1853 -0.54 -0.05
"149" 1852 -0.51 0
"150" 1851 -1.6 -0.75
"151" 1850 -0.76 -0.25
"152" 1849 -1.33 -0.37
"153" 1848 -0.91 -0.24
"154" 1847 -0.02 -0.08
"155" 1846 -0.28 0.52
"156" 1845 -0.74 -0.22
"157" 1844 -0.45 -0.31
"158" 1843 -1.64 -0.82
"159" 1842 -0.79 0.35
"160" 1841 -1.72 -0.8
"161" 1840 -1.59 -0.68
"162" 1839 -1.71 -0.54
"163" 1838 -2.32 -1.05
"164" 1837 -2.15 -0.66
"165" 1836 -2.41 -0.8
"166" 1835 -1.4 -0.43
"167" 1834 -1.33 0.33
"168" 1833 -1.8 -0.95
"169" 1832 -1.67 -0.6
"170" 1831 0.03 0.25
"171" 1830 -1.61 -0.34
"172" 1829 -1.38 -0.7
"173" 1828 -1.14 0
"174" 1827 -0.75 -0.14
"175" 1826 -0.53 0.49
"176" 1825 -2.01 -0.54
"177" 1824 -1.47 -0.46
"178" 1823 -1.13 -0.33
"179" 1822 -1.83 -0.03
"180" 1821 -3.28 -1.73
"181" 1820 -2.15 -0.73
"182" 1819 -1.67 -0.29
"183" 1818 -2.51 -0.71
"184" 1817 -2.05 -0.76
"185" 1816 -2.33 -1.55
"186" 1815 -2.18 -1.2
"187" 1814 -1.53 -0.68
"188" 1813 -1.76 -1.2
"189" 1812 -2.4 -1.19
"190" 1811 -1.1 -0.09
"191" 1810 -2.33 -0.9
"192" 1809 -1.25 -0.54
"193" 1808 -0.32 0.02
"194" 1807 -0.61 0.46
"195" 1806 -1.22 -0.46
"196" 1805 -0.78 -0.66
"197" 1804 -0.34 0.21
"198" 1803 -0.38 -0.07
"199" 1802 -0.83 -0.21
"200" 1801 -0.51 -0.36
"201" 1800 -1.05 -0.48
"202" 1799 -0.4 -0.35
"203" 1798 0.21 0.4
"204" 1797 -0.44 0.07
"205" 1796 -0.01 -0.07
"206" 1795 -0.7 -0.43
"207" 1794 -0.29 -0.03
"208" 1793 -0.36 -0.16
"209" 1792 -0.7 -0.29
"210" 1791 -0.09 -0.07
"211" 1790 -1.31 -0.79
"212" 1789 0.13 -0.17
"213" 1788 -0.31 0.01
"214" 1787 -0.8 -0.55
"215" 1786 -0.21 -0.8
"216" 1785 -0.11 -0.65
"217" 1784 -0.06 -0.22
"218" 1783 -1.06 -0.4
"219" 1782 -0.55 -0.01
"220" 1781 -0.37 0.11
"221" 1780 0.12 0.14
"222" 1779 -0.23 -0.2
"223" 1778 0.05 0.15
"224" 1777 -0.85 -0.49
"225" 1776 0.19 0.21
"226" 1775 0.4 0.47
"227" 1774 -0.37 0.11
"228" 1773 -0.36 -0.18
"229" 1772 -1.93 -0.51
"230" 1771 -1.06 -0.6
"231" 1770 -1.26 -0.44
"232" 1769 -0.88 -0.42
"233" 1768 -1.52 -0.52
"234" 1767 0.06 -0.19
"235" 1766 -0.33 0.28
"236" 1765 -0.87 -0.31
"237" 1764 -0.45 -0.04
"238" 1763 -0.37 0.21
"239" 1762 -0.57 0.07
"240" 1761 0.45 0.56
"241" 1760 0.33 0.09
"242" 1759 -0.75 -0.07
"243" 1758 -0.47 -0.37
"244" 1757 0.32 0.53
"245" 1756 -0.88 -0.22
"246" 1755 -0.49 0.14
"247" 1754 -0.17 0.09
"248" 1753 -1.13 -0.28
"249" 1752 -0.64 0.21
"250" 1751 -0.44 -0.36
"251" 1750 -1.29 -0.46
"252" 1749 -0.98 -0.29
"253" 1748 -0.77 0.1
"254" 1747 -1.07 -0.23
"255" 1746 -0.65 0.14
"256" 1745 -1.08 -0.28
"257" 1744 -0.53 -0.33
"258" 1743 -1.11 -0.73
"259" 1742 -1.4 -0.86
"260" 1741 -1.25 -1.08
"261" 1740 -0.48 -0.72
"262" 1739 -0.65 -0.2
"263" 1738 -0.37 0.2
"264" 1737 -0.75 -0.41
"265" 1736 -0.1 0.19
"266" 1735 -1.04 -0.23
"267" 1734 -0.83 -0.48
"268" 1733 -1.14 -0.44
"269" 1732 -0.68 -0.48
"270" 1731 -0.99 -0.32
"271" 1730 -0.33 0.02
"272" 1729 -0.4 0.06
"273" 1728 -1.03 -0.04
"274" 1727 -0.02 0.24
"275" 1726 -0.41 0.29
"276" 1725 -0.34 -0.76
"277" 1724 -0.26 0.18
"278" 1723 -1.37 -0.46
"279" 1722 -0.92 -0.52
"280" 1721 -0.95 -0.59
"281" 1720 -1.07 -0.62
"282" 1719 -1.28 0.01
"283" 1718 -1.37 -0.16
"284" 1717 -1.48 -0.67
"285" 1716 -1.04 -0.79
"286" 1715 -0.15 -0.05
"287" 1714 -0.94 -0.56
"288" 1713 -0.64 -0.55
"289" 1712 -0.7 -0.2
"290" 1711 -0.53 -0.16
"291" 1710 -1.13 -0.64
"292" 1709 -1.58 -0.99
"293" 1708 -2.22 -1.06
"294" 1707 -0.4 0.15
"295" 1706 -1.97 -0.27
"296" 1705 -2.32 -0.8
"297" 1704 -1.68 -0.5
"298" 1703 -0.59 -0.08
"299" 1702 -1.08 -0.3
"300" 1701 -1.79 -0.64
"301" 1700 -1.24 -0.4
"302" 1699 -1.84 -0.78
"303" 1698 -0.78 -0.91
"304" 1697 -1.71 -0.98
"305" 1696 -1.8 -1.04
"306" 1695 -1.42 -1.38
"307" 1694 -0.95 -0.48
"308" 1693 -0.57 -0.02
"309" 1692 -0.46 -0.7
"310" 1691 -0.87 -0.37
"311" 1690 -1 -0.64
"312" 1689 -0.29 -0.34
"313" 1688 -1.56 -0.75
"314" 1687 -1.03 -0.63
"315" 1686 -1.45 -0.68
"316" 1685 -1.13 -1.13
"317" 1684 -0.71 0.45
"318" 1683 -0.83 -0.02
"319" 1682 -1.47 -0.63
"320" 1681 -1.7 -0.17
"321" 1680 -1.63 -0.46
"322" 1679 -1.48 -0.57
"323" 1678 -1.27 -0.42
"324" 1677 -1.66 -0.94
"325" 1676 -1.31 -0.36
"326" 1675 -2.63 -1.69
"327" 1674 -1.35 -0.78
"328" 1673 -1.5 -0.71
"329" 1672 -1.37 -0.73
"330" 1671 -0.22 0
"331" 1670 -1.2 -0.44
"332" 1669 -1.62 -0.01
"333" 1668 -1.42 -0.4
"334" 1667 -1.16 -0.77
"335" 1666 -0.38 0.34
"336" 1665 0.32 0.16
"337" 1664 0.44 0.11
"338" 1663 -1.31 -1.23
"339" 1662 -0.82 -0.63
"340" 1661 0.15 -0.05
"341" 1660 -0.31 -0.09
"342" 1659 -0.33 -0.3
"343" 1658 -0.13 -0.19
"344" 1657 -0.48 -0.23
"345" 1656 -0.49 -0.23
"346" 1655 -0.79 0.12
"347" 1654 -1.27 -0.61
"348" 1653 -1.35 -0.62
"349" 1652 -0.98 -0.15
"350" 1651 -0.88 -0.07
"351" 1650 -0.94 -0.1
"352" 1649 -0.79 -0.1
"353" 1648 -0.45 -0.51
"354" 1647 -2.66 -1.03
"355" 1646 -1.17 -0.07
"356" 1645 -1.59 -0.28
"357" 1644 -1.67 -0.45
"358" 1643 -1.69 -0.67
"359" 1642 -1.36 -0.66
"360" 1641 -2.39 -1.31
"361" 1640 0.14 -0.11
"362" 1639 -1.24 -0.98
"363" 1638 -1.25 -0.36
"364" 1637 -0.34 -0.05
"365" 1636 0.03 -0.23
"366" 1635 -1.06 -0.71
"367" 1634 -0.89 -0.32
"368" 1633 -2.34 -1.47
"369" 1632 -2.38 -1.17
"370" 1631 -0.9 0.21
"371" 1630 -1.24 -0.2
"372" 1629 -0.08 0.25
"373" 1628 -1.02 -1.06
"374" 1627 -0.32 -0.62
"375" 1626 -0.93 -0.25
"376" 1625 -1.25 -0.57
"377" 1624 -1.16 -0.03
"378" 1623 -1.04 0.03
"379" 1622 -0.97 -0.1
"380" 1621 -0.8 -0.79
"381" 1620 -1.19 -0.48
"382" 1619 -0.25 -0.28
"383" 1618 -1.86 -1.01
"384" 1617 -0.84 -0.46
"385" 1616 -1.05 0.02
"386" 1615 -1.68 -0.28
"387" 1614 -1.71 -0.91
"388" 1613 -0.98 -0.16
"389" 1612 -1.39 -0.51
"390" 1611 -1.19 -0.23
"391" 1610 -1.57 -0.29
"392" 1609 -2.28 -1.11
"393" 1608 -1.95 -1.44
"394" 1607 -2.51 -0.96
"395" 1606 -2.4 -1.27
"396" 1605 -2.19 -0.85
"397" 1604 -1.64 -0.82
"398" 1603 -1.37 -0.52
"399" 1602 -1.97 -1.03
"400" 1601 -2.68 -1.73
"401" 1600 -1.35 -1.06
"402" 1599 -0.96 -0.28
"403" 1598 -0.62 -0.64
"404" 1597 -1.48 -0.99
"405" 1596 -1.99 -1.32
"406" 1595 -1.39 -0.95
"407" 1594 -1.15 -0.98
"408" 1593 -1.25 -0.91
"409" 1592 -1.12 -0.69
"410" 1591 -1.36 -0.75
"411" 1590 -1.38 -0.08
"412" 1589 -1.71 -1.04
"413" 1588 -0.71 -0.96
"414" 1587 -1.15 -1.24
"415" 1586 -0.31 0.03
"416" 1585 -0.83 -0.73
"417" 1584 -0.71 -0.33
"418" 1583 0.19 -0.03
"419" 1582 -0.81 -0.51
"420" 1581 -1.41 -0.61
"421" 1580 -1.79 -0.74
"422" 1579 -1.55 -1.22
"423" 1578 -1.36 -0.31
"424" 1577 -0.54 -0.6
"425" 1576 -0.64 -0.68
"426" 1575 0.06 0.37
"427" 1574 -0.58 -0.34
"428" 1573 -0.88 -0.76
"429" 1572 0.11 -0.04
"430" 1571 -0.82 -0.46
"431" 1570 -0.41 -0.4
"432" 1569 0.27 -0.29
"433" 1568 0.01 -0.27
"434" 1567 -0.6 -0.36
"435" 1566 0.02 -0.04
"436" 1565 0.12 0.19
"437" 1564 0.76 0.26
"438" 1563 0.42 -0.28
"439" 1562 -0.13 -0.12
"440" 1561 0.54 0.43
"441" 1560 -0.93 -0.42
"442" 1559 -0.54 0.24
"443" 1558 -0.03 0.48
"444" 1557 -0.6 -0.26
"445" 1556 -0.18 0.36
"446" 1555 -0.51 -0.54
"447" 1554 -0.43 -0.35
"448" 1553 -0.03 0.04
"449" 1552 -0.14 -0.07
"450" 1551 -0.46 -0.02
"451" 1550 -1.18 -0.49
"452" 1549 -0.77 -0.39
"453" 1548 -0.44 0.21
"454" 1547 -0.76 -0.11
"455" 1546 -0.75 -0.23
"456" 1545 -0.02 0.4
"457" 1544 -1.48 -0.7
"458" 1543 -1.17 -0.52
"459" 1542 -1.36 -0.96
"460" 1541 -0.49 -0.21
"461" 1540 0.01 0.51
"462" 1539 0.2 0.06
"463" 1538 -0.39 0.12
"464" 1537 0 -0.25
"465" 1536 -0.97 0.07
"466" 1535 -0.8 -0.04
"467" 1534 -0.52 0.48
"468" 1533 -0.5 -0.11
"469" 1532 0.12 0.22
"470" 1531 -0.68 -0.32
"471" 1530 -0.89 -0.36
"472" 1529 -0.61 -0.69
"473" 1528 -1.08 -0.45
"474" 1527 -0.36 -0.52
"475" 1526 -0.99 -0.46
"476" 1525 -0.59 -0.16
"477" 1524 -1.42 -0.78
"478" 1523 -1.54 -0.51
"479" 1522 -0.88 -0.42
"480" 1521 -0.41 -0.18
"481" 1520 -0.54 -0.39
"482" 1519 -0.07 -0.12
"483" 1518 -0.18 -0.13
"484" 1517 -0.34 -0.11
"485" 1516 -0.52 -0.04
"486" 1515 -0.32 -0.38
"487" 1514 -0.29 -0.29
"488" 1513 0.22 -0.13
"489" 1512 -0.05 0.13
"490" 1511 -0.17 -0.41
"491" 1510 0.04 -0.18
"492" 1509 -0.61 0.06
"493" 1508 0 -0.06
"494" 1507 -0.9 -0.67
"495" 1506 -0.09 0.13
"496" 1505 -0.08 -0.07
"497" 1504 -0.21 0.44
"498" 1503 -0.11 0.4
"499" 1502 -0.36 0.34
"500" 1501 -0.02 -0.28
"501" 1500 -0.71 -0.02
"502" 1499 -0.91 -0.36
"503" 1498 -1.1 -0.68
"504" 1497 -2.18 -1.28
"505" 1496 -0.29 0.14
"506" 1495 -0.72 -0.32
"507" 1494 -0.25 0.04
"508" 1493 -1.32 -0.38
"509" 1492 -0.82 0.07
"510" 1491 -0.33 -0.14
"511" 1490 0.03 0.15
"512" 1489 -0.45 -0.14
"513" 1488 -0.68 -0.26
"514" 1487 -0.43 -0.08
"515" 1486 -0.48 -0.21
"516" 1485 -0.44 -0.02
"517" 1484 -0.27 0.18
"518" 1483 -1.66 -0.44
"519" 1482 -0.79 -0.28
"520" 1481 -0.75 -0.29
"521" 1480 -0.79 -0.4
"522" 1479 -0.61 -0.23
"523" 1478 -1.24 -0.75
"524" 1477 -1.3 -0.54
"525" 1476 -0.98 -0.48
"526" 1475 -1.67 -0.62
"527" 1474 -1.05 -0.36
"528" 1473 -1.53 -0.68
"529" 1472 -1.66 -0.78
"530" 1471 -1.86 -0.64
"531" 1470 -1.04 -0.55
"532" 1469 -1.74 -0.72
"533" 1468 -1.72 -0.51
"534" 1467 -1.97 -0.62
"535" 1466 -2.43 -0.76
"536" 1465 -1.29 -0.69
"537" 1464 -2.02 -0.72
"538" 1463 -2.31 -0.99
"539" 1462 -2.33 -0.82
"540" 1461 -1.66 -0.73
"541" 1460 -2.04 -0.65
"542" 1459 -2.36 -1.01
"543" 1458 -2.35 -0.76
"544" 1457 -1.63 -0.8
"545" 1456 -2.04 -1.17
"546" 1455 -1.91 -1.07
"547" 1454 -1.61 -0.66
"548" 1453 -2.63 -1.48
"549" 1452 -0.9 -0.23
"550" 1451 -1.04 -0.16
"551" 1450 -0.67 0.13
"552" 1449 -1.02 -0.14
"553" 1448 -0.9 -0.12
"554" 1447 -0.73 -0.25
"555" 1446 -1.04 -0.35
"556" 1445 0.04 -0.07
"557" 1444 -0.48 -0.12
"558" 1443 0.01 -0.31
"559" 1442 -0.55 -0.15
"560" 1441 -0.52 -0.05
"561" 1440 -0.48 -0.29
"562" 1439 -0.65 -0.27
"563" 1438 -1.17 -0.34
"564" 1437 0.12 0.04
"565" 1436 0.11 -0.01
"566" 1435 0.2 0.22
"567" 1434 0.54 0.35
"568" 1433 0.03 0.12
"569" 1432 0.46 0.24
"570" 1431 0.28 0.15
"571" 1430 -0.6 -0.38
"572" 1429 0.36 0.11
"573" 1428 0.2 -0.29
"574" 1427 0.38 0.11
"575" 1426 0.05 -0.24
"576" 1425 0.41 0.35
"577" 1424 0.83 0.51
"578" 1423 -0.27 -0.34
"579" 1422 -0.62 -0.26
"580" 1421 0.21 0.11
"581" 1420 -0.67 -0.19
"582" 1419 -0.19 -0.2
"583" 1418 -0.13 0.22
"584" 1417 -0.21 -0.28
"585" 1416 0.11 -0.08
"586" 1415 0.29 0.08
"587" 1414 -0.73 -0.3
"588" 1413 0.45 0.26
"589" 1412 -0.42 -0.32
"590" 1411 0.81 0.48
"591" 1410 0 -0.01
"592" 1409 0.1 0.17
"593" 1408 -0.07 -0.04
"594" 1407 0.48 -0.04
"595" 1406 0.48 0.08
"596" 1405 0.17 0.03
"597" 1404 0.67 0.35
"598" 1403 0.33 0.22
"599" 1402 0.1 0.27
"600" 1401 -0.56 -0.02
"601" 1400 -0.83 -0.53
"602" 1399 -0.82 -0.41
"603" 1398 -0.9 -0.5
"604" 1397 -0.9 -0.51
"605" 1396 -0.91 -0.26
"606" 1395 -0.67 -0.4
"607" 1394 -1.08 -0.73
"608" 1393 -0.95 -0.35
"609" 1392 -0.86 -0.59
"610" 1391 -0.1 0.06
"611" 1390 -0.82 -0.11
"612" 1389 -0.82 -0.5
"613" 1388 -0.34 -0.48
"614" 1387 -0.39 -0.16
"615" 1386 0.09 0.36
"616" 1385 -0.46 -0.42
"617" 1384 -0.12 0.11
"618" 1383 -0.24 0.23
"619" 1382 -0.53 -0.41
"620" 1381 -0.33 0.02
"621" 1380 -0.96 -0.14
"622" 1379 -0.95 -0.16
"623" 1378 -0.99 -0.78
"624" 1377 -1.4 -1.06
"625" 1376 -0.43 -0.56
"626" 1375 -1.06 -0.72
"627" 1374 -0.1 -0.14
"628" 1373 -0.63 -0.44
"629" 1372 0.13 0.15
"630" 1371 -0.11 0.09
"631" 1370 -0.65 -0.67
"632" 1369 -0.67 -0.67
"633" 1368 0.53 -0.06
"634" 1367 -0.34 -0.31
"635" 1366 0.1 0.07
"636" 1365 0.35 0.44
"637" 1364 0.2 0.26
"638" 1363 -1.4 -0.82
"639" 1362 -0.27 -0.48
"640" 1361 -0.57 -0.36
"641" 1360 -1.19 -0.61
"642" 1359 -0.59 -0.36
"643" 1358 -1.12 -0.7
"644" 1357 -0.71 -0.48
"645" 1356 -0.68 -0.57
"646" 1355 -1.1 -0.59
"647" 1354 -0.75 -0.13
"648" 1353 -1.07 -0.74
"649" 1352 -1.11 -0.58
"650" 1351 -0.86 -0.28
"651" 1350 -1.96 -0.84
"652" 1349 -2.3 -1.03
"653" 1348 -2.33 -1.22
"654" 1347 -1.7 -0.58
"655" 1346 -2.34 -1.24
"656" 1345 -1.69 -0.76
"657" 1344 -1.54 -0.54
"658" 1343 -0.76 -0.3
"659" 1342 -1.72 -0.47
"660" 1341 -1.44 -0.75
"661" 1340 -1 -0.23
"662" 1339 -1.36 -0.49
"663" 1338 -1.99 -0.56
"664" 1337 -1.59 -0.57
"665" 1336 -2.15 -0.38
"666" 1335 -0.97 -0.21
"667" 1334 -0.76 0.38
"668" 1333 -1.69 -0.49
"669" 1332 -1.6 -0.52
"670" 1331 -1.15 -0.64
"671" 1330 -1.75 -0.69
"672" 1329 -0.84 -0.54
"673" 1328 -1.07 -0.4
"674" 1327 0.45 -0.14
"675" 1326 -0.36 -0.38
"676" 1325 -0.05 0.01
"677" 1324 -0.81 -0.47
"678" 1323 -0.98 -0.54
"679" 1322 -0.67 -0.34
"680" 1321 -0.69 -0.41
"681" 1320 -0.13 -0.29
"682" 1319 -0.58 -0.56
"683" 1318 -0.18 0.05
"684" 1317 -0.83 -0.54
"685" 1316 -0.01 0.16
"686" 1315 -0.57 -0.02
"687" 1314 -0.49 -0.5
"688" 1313 -0.33 -0.61
"689" 1312 -0.89 -0.41
"690" 1311 -0.09 -0.37
"691" 1310 -0.27 -0.32
"692" 1309 -1.48 -1.13
"693" 1308 -0.91 -0.53
"694" 1307 -1.13 -0.66
"695" 1306 -0.39 0.02
"696" 1305 -0.67 -0.39
"697" 1304 -1.05 -0.53
"698" 1303 -1.2 -0.55
"699" 1302 -1.01 -0.43
"700" 1301 -1.13 -0.64
"701" 1300 -0.99 -0.04
"702" 1299 -1.11 -0.28
"703" 1298 -0.88 -0.35
"704" 1297 -1.06 -0.3
"705" 1296 -1.47 -0.79
"706" 1295 -0.54 -0.21
"707" 1294 -1.92 -1.11
"708" 1293 -1.51 -0.72
"709" 1292 -1.2 -0.51
"710" 1291 -1.41 -0.45
"711" 1290 -1.63 -0.73
"712" 1289 -1.24 -0.35
"713" 1288 -1.53 -0.5
"714" 1287 -1.29 -0.51
"715" 1286 -1.1 -0.22
"716" 1285 -1.39 -0.05
"717" 1284 -1.11 -0.42
"718" 1283 -0.84 -0.56
"719" 1282 -1.24 -0.71
"720" 1281 -1.24 -0.69
"721" 1280 -0.77 -0.45
"722" 1279 -0.65 -0.53
"723" 1278 -2.42 -0.78
"724" 1277 -1.29 -0.82
"725" 1276 -0.93 -0.7
"726" 1275 -0.41 -0.4
"727" 1274 -0.86 -0.38
"728" 1273 -0.79 -0.1
"729" 1272 -0.27 0.02
"730" 1271 -0.52 -0.03
"731" 1270 -0.65 -0.16
"732" 1269 -0.01 0.1
"733" 1268 -0.88 -0.48
"734" 1267 -1.26 -0.72
"735" 1266 -0.82 -0.48
"736" 1265 -1.27 -0.45
"737" 1264 -1.45 -0.8
"738" 1263 -1.35 -0.51
"739" 1262 -0.99 -0.53
"740" 1261 -0.89 -0.59
"741" 1260 -0.96 -0.71
"742" 1259 -1.28 -0.89
"743" 1258 -1.57 -1.02
"744" 1257 0.19 -0.07
"745" 1256 -1.14 -0.5
"746" 1255 -0.76 -0.29
"747" 1254 -1.58 -0.64
"748" 1253 -0.54 -0.04
"749" 1252 -1.35 -0.81
"750" 1251 -0.99 -0.64
"751" 1250 -0.57 -0.23
"752" 1249 -0.25 -0.43
"753" 1248 -0.84 -0.67
"754" 1247 -0.98 -0.28
"755" 1246 -1.22 -0.36
"756" 1245 -0.53 -0.25
"757" 1244 -1.51 -0.46
"758" 1243 -0.59 -0.21
"759" 1242 -0.61 -0.37
"760" 1241 -0.45 -0.14
"761" 1240 -0.39 -0.22
"762" 1239 -0.33 -0.2
"763" 1238 -0.94 -0.57
"764" 1237 -0.34 -0.34
"765" 1236 -1.17 -0.51
"766" 1235 -0.83 -0.27
"767" 1234 -1.28 -0.23
"768" 1233 -1.16 -0.41
"769" 1232 -1.45 -0.76
"770" 1231 -0.84 -0.47
"771" 1230 -1.78 -0.59
"772" 1229 -0.05 -0.3
"773" 1228 -1.2 -0.51
"774" 1227 -0.14 0.5
"775" 1226 -1.06 -0.28
"776" 1225 -0.37 -0.13
"777" 1224 0.01 0.1
"778" 1223 -0.43 -0.11
"779" 1222 -0.16 0.08
"780" 1221 -0.24 0.36
"781" 1220 -1.04 -0.2
"782" 1219 -0.74 -0.13
"783" 1218 -1.19 -0.21
"784" 1217 -0.59 0.27
"785" 1216 -0.84 0.03
"786" 1215 -1.26 -0.38
"787" 1214 -0.59 0.05
"788" 1213 -0.96 0.03
"789" 1212 -0.19 0.24
"790" 1211 -0.35 0.17
"791" 1210 -1.26 -0.08
"792" 1209 -0.59 0.03
"793" 1208 -1.48 -0.33
"794" 1207 -1.54 -0.46
"795" 1206 -1.27 -0.02
"796" 1205 -0.4 0.15
"797" 1204 -0.79 0.23
"798" 1203 -0.04 0.38
"799" 1202 -1.12 -0.36
"800" 1201 -1.34 -0.07
"801" 1200 -0.67 -0.07
"802" 1199 -0.24 0.32
"803" 1198 -0.79 0.13
"804" 1197 -1.59 -0.73
"805" 1196 -0.83 -0.05
"806" 1195 -0.15 0.28
"807" 1194 -1.76 -0.54
"808" 1193 0.16 0.12
"809" 1192 -1.51 -0.59
"810" 1191 -0.99 -0.1
"811" 1190 0.03 -0.09
"812" 1189 -0.75 -0.3
"813" 1188 0.51 0.14
"814" 1187 -0.25 0.02
"815" 1186 -0.23 -0.09
"816" 1185 0.31 0.15
"817" 1184 0.1 0.07
"818" 1183 -0.33 -0.05
"819" 1182 -0.75 -0.44
"820" 1181 -0.34 -0.53
"821" 1180 -0.42 -0.21
"822" 1179 -1.01 -0.35
"823" 1178 -0.43 -0.21
"824" 1177 -0.79 -0.15
"825" 1176 -0.46 -0.14
"826" 1175 0.14 0.24
"827" 1174 -0.95 -0.43
"828" 1173 -0.3 -0.15
"829" 1172 -0.43 0.02
"830" 1171 -1.04 -0.46
"831" 1170 -0.08 0.45
"832" 1169 -0.06 -0.2
"833" 1168 0.73 0.58
"834" 1167 0.37 0.34
"835" 1166 -0.06 0.27
"836" 1165 0.45 0.62
"837" 1164 0.35 0.56
"838" 1163 0.34 0.24
"839" 1162 0.43 0.55
"840" 1161 1.13 0.89
"841" 1160 0.16 0.45
"842" 1159 -0.11 0.36
"843" 1158 -0.48 0.27
"844" 1157 -0.64 0.03
"845" 1156 -0.06 0.31
"846" 1155 0.15 0.42
"847" 1154 -0.14 0.01
"848" 1153 0 0.21
"849" 1152 -0.32 -0.32
"850" 1151 -1.3 -0.51
"851" 1150 -0.61 0.12
"852" 1149 -0.46 0.11
"853" 1148 -0.8 -0.09
"854" 1147 -0.95 -0.46
"855" 1146 -0.71 -0.33
"856" 1145 -1.17 -0.22
"857" 1144 -0.92 -0.67
"858" 1143 -0.49 -0.08
"859" 1142 -1.34 -0.62
"860" 1141 -0.97 -0.4
"861" 1140 -1.51 -0.34
"862" 1139 -0.95 -0.21
"863" 1138 -0.95 -0.44
"864" 1137 -0.81 -0.5
"865" 1136 -1.54 -0.71
"866" 1135 -0.57 -0.1
"867" 1134 -1.2 -0.47
"868" 1133 -1.54 -0.77
"869" 1132 -0.85 -0.35
"870" 1131 -0.74 -0.41
"871" 1130 -1.87 -1.08
"872" 1129 -1.67 -0.93
"873" 1128 -1.12 -0.84
"874" 1127 -1.72 -1.31
"875" 1126 -0.33 -0.28
"876" 1125 -0.95 -0.76
"877" 1124 -0.88 -0.32
"878" 1123 -0.68 -0.08
"879" 1122 -1.12 -0.34
"880" 1121 -2.06 -0.55
"881" 1120 -1.22 -0.23
"882" 1119 -1.3 -0.65
"883" 1118 -1.22 -0.63
"884" 1117 -1.49 -1.15
"885" 1116 -0.78 -0.7
"886" 1115 -1.47 -0.68
"887" 1114 -1.07 -0.45
"888" 1113 -0.39 -0.48
"889" 1112 -0.97 -0.7
"890" 1111 -1.05 -0.96
"891" 1110 -1.57 -0.79
"892" 1109 -1.89 -1.47
"893" 1108 -0.65 -1.1
"894" 1107 -0.28 -1.31
"895" 1106 0.82 0.24
"896" 1105 0.52 0.08
"897" 1104 0.4 -0.07
"898" 1103 0.11 -0.18
"899" 1102 -0.08 -0.08
"900" 1101 -0.12 -0.25
"901" 1100 -0.29 -0.36
"902" 1099 -0.19 -0.34
"903" 1098 -0.55 -0.44
"904" 1097 0.25 0.09
"905" 1096 -0.87 -0.67
"906" 1095 -0.37 -0.65
"907" 1094 0.21 0.1
"908" 1093 0.04 0
"909" 1092 0.63 0.61
"910" 1091 0.47 0.35
"911" 1090 0.44 -0.18
"912" 1089 0.2 0.01
"913" 1088 -0.2 -0.08
"914" 1087 0.16 0.14
"915" 1086 0.86 0.31
"916" 1085 -0.11 -0.1
"917" 1084 0.56 0.09
"918" 1083 -0.45 -0.68
"919" 1082 -0.09 -0.72
"920" 1081 0.38 -0.53
"921" 1080 0.04 -0.38
"922" 1079 -0.18 -0.29
"923" 1078 -0.74 -0.35
"924" 1077 -1.22 -0.81
"925" 1076 -0.26 -0.58
"926" 1075 -0.4 -0.56
"927" 1074 -0.35 -0.66
"928" 1073 0.16 -0.47
"929" 1072 -0.3 -0.6
"930" 1071 -0.14 -0.2
"931" 1070 -0.45 -0.07
"932" 1069 -0.89 -0.84
"933" 1068 -0.74 -0.75
"934" 1067 -0.36 -0.45
"935" 1066 -0.09 -0.14
"936" 1065 -0.05 0.06
"937" 1064 0.65 0.06
"938" 1063 0.22 -0.61
"939" 1062 0.98 0.03
"940" 1061 1.2 0.31
"941" 1060 0.79 0.42
"942" 1059 0.19 -0.18
"943" 1058 0.64 0.28
"944" 1057 0.7 -0.05
"945" 1056 0.08 -0.51
"946" 1055 0.3 -0.49
"947" 1054 0.09 -0.71
"948" 1053 -0.5 -0.74
"949" 1052 0.65 -0.09
"950" 1051 0.74 0.13
"951" 1050 -0.2 -0.03
"952" 1049 0.34 -0.14
"953" 1048 0.64 -0.06
"954" 1047 -0.25 -0.76
"955" 1046 0.33 -0.69
"956" 1045 -0.09 -0.53
"957" 1044 0.01 -0.05
"958" 1043 -0.35 -0.6
"959" 1042 -0.36 -0.61
"960" 1041 -0.28 -0.6
"961" 1040 0.13 -0.48
"962" 1039 0.07 -0.01
"963" 1038 0.25 -0.16
"964" 1037 0.37 0.15
"965" 1036 0.06 -0.35
"966" 1035 -0.05 -0.3
"967" 1034 0.6 -0.34
"968" 1033 0.63 0.05
"969" 1032 -0.41 -0.9
"970" 1031 0.05 -0.2
"971" 1030 0.28 -0.11
"972" 1029 0.06 -0.83
"973" 1028 0.61 -0.05
"974" 1027 0.22 -0.23
"975" 1026 0.38 -0.06
"976" 1025 0.32 0.22
"977" 1024 0.3 -0.46
"978" 1023 -0.02 -0.54
"979" 1022 0.06 -0.39
"980" 1021 -0.18 -0.39
"981" 1020 0.29 -0.21
"982" 1019 0.61 0.52
"983" 1018 -0.19 0.28
"984" 1017 -0.14 -0.62
"985" 1016 -0.4 -0.48
"986" 1015 -0.21 -0.32
"987" 1014 -0.73 -0.69
"988" 1013 -0.6 -0.33
"989" 1012 -0.64 -0.49
"990" 1011 -0.71 -0.2
"991" 1010 -0.45 -0.42
"992" 1009 -0.44 -0.06
"993" 1008 -0.63 -0.21
"994" 1007 -0.31 -0.43
"995" 1006 -0.31 0.07
"996" 1005 -0.39 0.1
"997" 1004 -0.68 -0.4
"998" 1003 -0.09 -0.17
"999" 1002 -0.13 0.24
"1000" 1001 0.05 -0.13
"1001" 1000 0.45 0.03
"1002" 999 -0.07 -0.23
"1003" 998 0 -0.12
"1004" 997 -0.02 0.06
"1005" 996 0.47 -0.34
"1006" 995 0.62 0.03
"1007" 994 -0.1 -0.06
"1008" 993 0.54 0.36
"1009" 992 0.08 0.22
"1010" 991 -0.11 -0.09
"1011" 990 0.45 0.41
"1012" 989 0 -0.36
"1013" 988 0.31 0.16
"1014" 987 0.67 0.42
"1015" 986 1.34 0.83
"1016" 985 0.13 0.06
"1017" 984 0.5 0.23
"1018" 983 0.49 0.53
"1019" 982 1.37 1.08
"1020" 981 -0.04 0.27
"1021" 980 0.3 0.17
"1022" 979 -0.51 -0.25
"1023" 978 0.48 0.4
"1024" 977 -0.06 0.25
"1025" 976 -0.79 -0.55
"1026" 975 0.04 -0.07
"1027" 974 -0.62 -0.13
"1028" 973 -0.07 -0.24
"1029" 972 0.57 0.54
"1030" 971 0.05 0.22
"1031" 970 0.09 0.35
"1032" 969 -0.05 0.17
"1033" 968 0.1 0.12
"1034" 967 -0.06 0.07
"1035" 966 -0.12 0.05
"1036" 965 0.1 0.16
"1037" 964 0.53 0.53
"1038" 963 0.25 0.14
"1039" 962 -0.48 0.01
"1040" 961 -0.99 -0.85
"1041" 960 0.35 0.26
"1042" 959 0.12 0.2
"1043" 958 -0.92 -0.29
"1044" 957 0.12 0.31
"1045" 956 -0.02 0.06
"1046" 955 -0.4 0.02
"1047" 954 -0.09 -0.14
"1048" 953 0.39 0.03
"1049" 952 -0.47 -0.24
"1050" 951 0.52 0.64
"1051" 950 0 0.02
"1052" 949 -0.15 0.07
"1053" 948 -0.44 0.05
"1054" 947 0.04 -0.03
"1055" 946 -0.04 0.3
"1056" 945 0.49 0.42
"1057" 944 0.06 0.31
"1058" 943 -0.36 -0.36
"1059" 942 -0.65 -0.26
"1060" 941 0.02 -0.17
"1061" 940 -1.68 -1.2
"1062" 939 -0.17 -0.12
"1063" 938 -0.41 -0.18
"1064" 937 0.3 0.01
"1065" 936 0.35 0.12
"1066" 935 0.26 0.46
"1067" 934 1.15 0.89
"1068" 933 0.35 0.66
"1069" 932 0.2 0.54
"1070" 931 -0.1 0.43
"1071" 930 0.27 0.65
"1072" 929 0.54 0.59
"1073" 928 0.07 0.76
"1074" 927 -0.68 0.09
"1075" 926 0.21 0.35
"1076" 925 -0.33 0.1
"1077" 924 -0.14 0.4
"1078" 923 -0.48 -0.12
"1079" 922 0.02 0.37
"1080" 921 -0.88 -0.3
"1081" 920 -0.54 -0.1
"1082" 919 -0.24 0.38
"1083" 918 -0.48 -0.03
"1084" 917 -0.69 -0.01
"1085" 916 -0.35 0.36
"1086" 915 -0.14 0.36
"1087" 914 -1.31 -0.21
"1088" 913 -0.7 -0.17
"1089" 912 -0.25 0.56
"1090" 911 -1.14 -0.61
"1091" 910 -1.27 -0.58
"1092" 909 -0.82 -0.19
"1093" 908 -0.82 0
"1094" 907 -1.59 -0.7
"1095" 906 -0.77 -0.07
"1096" 905 -0.89 -0.11
"1097" 904 -0.92 0.05
"1098" 903 -1.46 -0.59
"1099" 902 -1.26 -0.38
"1100" 901 -0.95 -0.22
"1101" 900 -1.39 -0.45
"1102" 899 -0.25 0.13
"1103" 898 -0.22 -0.03
"1104" 897 0.34 0.55
"1105" 896 -0.33 -0.26
"1106" 895 0.02 -0.18
"1107" 894 0.45 0.12
"1108" 893 -0.02 0.11
"1109" 892 -0.18 -0.15
"1110" 891 1.09 0.82
"1111" 890 0.19 0.54
"1112" 889 0.06 0.32
"1113" 888 -0.88 -0.02
"1114" 887 0.56 0.57
"1115" 886 0.17 0.57
"1116" 885 0.25 0.55
"1117" 884 -0.75 0.11
"1118" 883 0.17 0.36
"1119" 882 0.14 0.26
"1120" 881 -1.36 -0.4
"1121" 880 0.09 0.5
"1122" 879 0.1 0.1
"1123" 878 0.39 0.33
"1124" 877 -0.78 -0.32
"1125" 876 0.44 0.52
"1126" 875 0.49 0.37
"1127" 874 -0.09 0.18
"1128" 873 0.04 0.04
"1129" 872 -0.56 -0.29
"1130" 871 -0.32 -0.12
"1131" 870 -0.66 -0.31
"1132" 869 0.04 0.58
"1133" 868 -0.65 0.26
"1134" 867 -0.71 -0.13
"1135" 866 -0.99 -0.33
"1136" 865 -1.68 -0.88
"1137" 864 -0.5 0.02
"1138" 863 -0.88 -0.43
"1139" 862 -0.84 -0.39
"1140" 861 -1.24 -0.61
"1141" 860 -1.38 -0.18
"1142" 859 -1.02 -0.43
"1143" 858 -0.54 -0.24
"1144" 857 -0.9 -0.33
"1145" 856 -0.56 -0.01
"1146" 855 -0.56 0.06
"1147" 854 -0.84 -0.28
"1148" 853 -0.85 -0.69
"1149" 852 -0.94 -0.81
"1150" 851 -0.54 -0.48
"1151" 850 0.19 0.11
"1152" 849 -0.05 0.04
"1153" 848 -0.42 -0.16
"1154" 847 -0.52 -0.14
"1155" 846 -0.33 -0.17
"1156" 845 0.32 0.59
"1157" 844 -0.59 -0.08
"1158" 843 -0.02 -0.02
"1159" 842 0.08 0.26
"1160" 841 -0.27 -0.08
"1161" 840 -0.02 -0.03
"1162" 839 0.04 0.38
"1163" 838 -0.34 -0.12
"1164" 837 0.28 0.32
"1165" 836 -0.53 0.02
"1166" 835 -0.11 0.24
"1167" 834 -0.9 -0.35
"1168" 833 -0.21 0.09
"1169" 832 -0.65 -0.13
"1170" 831 -0.99 -0.3
"1171" 830 -0.81 -0.11
"1172" 829 -0.98 -0.23
"1173" 828 -0.41 -0.21
"1174" 827 -0.81 -0.22
"1175" 826 -0.67 -0.19
"1176" 825 -0.46 -0.08
"1177" 824 -0.67 -0.67
"1178" 823 -0.41 -0.37
"1179" 822 -0.47 -0.35
"1180" 821 -0.17 -0.27
"1181" 820 -0.26 -0.03
"1182" 819 -0.69 -0.23
"1183" 818 -1.32 -0.61
"1184" 817 -1.27 -0.04
"1185" 816 -0.68 0.04
"1186" 815 -1.06 -0.42
"1187" 814 -1.69 -0.53
"1188" 813 -0.8 0.05
"1189" 812 -0.69 -0.17
"1190" 811 -0.85 -0.09
"1191" 810 -1.28 -0.28
"1192" 809 -1.46 -0.74
"1193" 808 -0.86 -0.48
"1194" 807 -1.29 -0.52
"1195" 806 -1.03 -0.46
"1196" 805 -0.7 -0.5
"1197" 804 -1.2 -0.38
"1198" 803 -1.38 -0.83
"1199" 802 -1.24 -0.56
"1200" 801 -1.38 -0.55
"1201" 800 -2.37 -1.57
"1202" 799 -1.02 -0.72
"1203" 798 -0.81 -0.37
"1204" 797 -1.08 -0.6
"1205" 796 -0.75 -0.41
"1206" 795 -0.63 -0.21
"1207" 794 -0.49 -0.16
"1208" 793 0.18 0.37
"1209" 792 0.62 0.47
"1210" 791 -1.01 -0.33
"1211" 790 0.07 0.34
"1212" 789 -0.98 -0.37
"1213" 788 -0.97 -0.43
"1214" 787 -0.34 0.06
"1215" 786 -0.35 -0.21
"1216" 785 -0.57 -0.01
"1217" 784 -1.26 -0.54
"1218" 783 -0.94 -0.48
"1219" 782 -0.45 -0.19
"1220" 781 -1.09 -0.32
"1221" 780 -0.22 0.2
"1222" 779 -0.27 0.27
"1223" 778 0.3 0.46
"1224" 777 -0.14 0.33
"1225" 776 -0.54 -0.36
"1226" 775 0.09 0.26
"1227" 774 -0.04 0.09
"1228" 773 -0.72 -0.4
"1229" 772 -0.93 -0.39
"1230" 771 0.68 0.77
"1231" 770 -0.23 0.34
"1232" 769 0.64 0.39
"1233" 768 0.48 0.35
"1234" 767 0.65 0.28
"1235" 766 -0.46 -0.24
"1236" 765 0.68 0.21
"1237" 764 1.09 0.54
"1238" 763 0.72 0.47
"1239" 762 -0.4 -0.17
"1240" 761 0.48 0.65
"1241" 760 0.68 0.7
"1242" 759 0.4 0.33
"1243" 758 0.97 0.51
"1244" 757 0.58 0.21
"1245" 756 0.33 -0.28
"1246" 755 0.48 0.15
"1247" 754 0.49 0.67
"1248" 753 0.61 0.64
"1249" 752 0.04 -0.07
"1250" 751 0.41 0.41
"1251" 750 0.32 0.28
"1252" 749 0.23 0.39
"1253" 748 0.1 0.06
"1254" 747 0.49 0.79
"1255" 746 0.08 0.3
"1256" 745 -0.38 0.11
"1257" 744 -0.53 -0.28
"1258" 743 -0.57 0.11
"1259" 742 0.38 0.58
"1260" 741 -0.37 -0.1
"1261" 740 -0.71 -0.35
"1262" 739 -0.71 -0.18
"1263" 738 -0.97 -0.35
"1264" 737 -0.24 0.11
"1265" 736 0.56 0.6
"1266" 735 0.12 0.06
"1267" 734 0.11 0.34
"1268" 733 -0.31 0.15
"1269" 732 0.76 0.55
"1270" 731 0 -0.02
"1271" 730 0.57 0.63
"1272" 729 0.11 0.45
"1273" 728 0.25 0.4
"1274" 727 -0.34 0.19
"1275" 726 -0.06 0.45
"1276" 725 -0.2 0.5
"1277" 724 -0.01 0.28
"1278" 723 -0.21 0.11
"1279" 722 -0.14 0.21
"1280" 721 0.21 0.5
"1281" 720 -0.94 -0.08
"1282" 719 -0.62 0.01
"1283" 718 -0.4 0.16
"1284" 717 -0.08 0.33
"1285" 716 -0.43 0.23
"1286" 715 -0.53 -0.18
"1287" 714 -0.14 -0.01
"1288" 713 -0.23 0.06
"1289" 712 -0.76 -0.36
"1290" 711 -0.67 -0.29
"1291" 710 -0.71 -0.24
"1292" 709 -0.59 -0.32
"1293" 708 0.49 0.46
"1294" 707 -0.63 0.05
"1295" 706 -0.23 0.34
"1296" 705 -0.1 -0.01
"1297" 704 0.11 -0.06
"1298" 703 -0.17 0.29
"1299" 702 -0.5 -0.06
"1300" 701 -0.54 -0.07
"1301" 700 -1.46 -0.54
"1302" 699 -0.53 0.05
"1303" 698 -0.93 -0.43
"1304" 697 -0.75 -0.03
"1305" 696 -0.17 0.25
"1306" 695 -0.83 0.07
"1307" 694 -1.3 -0.5
"1308" 693 -1.33 -0.12
"1309" 692 -1.33 -0.73
"1310" 691 -0.96 -0.12
"1311" 690 -1.21 -0.24
"1312" 689 -0.69 0.05
"1313" 688 -1.33 -0.08
"1314" 687 -1.93 -0.7
"1315" 686 -0.48 0.23
"1316" 685 -0.78 -0.22
"1317" 684 -0.95 -0.16
"1318" 683 0.24 0.64
"1319" 682 -0.93 0.26
"1320" 681 -1.04 -0.02
"1321" 680 -0.05 0.32
"1322" 679 -0.26 -0.03
"1323" 678 -0.3 0.05
"1324" 677 0.06 0.04
"1325" 676 -1.05 -0.58
"1326" 675 -0.33 0.3
"1327" 674 0.67 0.48
"1328" 673 0.33 0.12
"1329" 672 0.1 0.12
"1330" 671 0.19 0.35
"1331" 670 -0.33 0.18
"1332" 669 -0.53 -0.39
"1333" 668 -0.4 -0.24
"1334" 667 -0.06 0.21
"1335" 666 -0.08 0.02
"1336" 665 -0.16 0.07
"1337" 664 -0.87 -0.53
"1338" 663 -0.85 -0.27
"1339" 662 -1.06 -0.73
"1340" 661 -1.19 -0.51
"1341" 660 -0.77 -0.29
"1342" 659 -1.04 -0.68
"1343" 658 -0.49 -0.21
"1344" 657 0.04 0.15
"1345" 656 -0.06 0.19
"1346" 655 -1.43 -0.51
"1347" 654 -0.68 -0.31
"1348" 653 -0.87 -0.23
"1349" 652 -0.14 0.2
"1350" 651 -1.04 -0.43
"1351" 650 -0.83 -0.36
"1352" 649 -0.65 -0.07
"1353" 648 -1.74 -0.57
"1354" 647 -1.38 -0.86
"1355" 646 -0.99 -0.41
"1356" 645 -0.59 0.38
"1357" 644 -1.45 -0.32
"1358" 643 -1.04 -0.49
"1359" 642 -0.66 -0.3
"1360" 641 -0.62 0.04
"1361" 640 -0.9 -0.17
"1362" 639 -1.54 -0.56
"1363" 638 -0.59 0.03
"1364" 637 -0.27 0.22
"1365" 636 -0.75 -0.4
"1366" 635 -0.74 -0.49
"1367" 634 0.06 0.15
"1368" 633 0.31 0.25
"1369" 632 -0.23 0.06
"1370" 631 -0.81 -0.42
"1371" 630 0.07 0.04
"1372" 629 0.28 -0.07
"1373" 628 -0.98 -0.22
"1374" 627 -3.02 -1.01
"1375" 626 -1.25 -0.71
"1376" 625 -0.72 -0.21
"1377" 624 -0.81 -0.41
"1378" 623 -0.85 -0.12
"1379" 622 -0.17 0.3
"1380" 621 -0.34 -0.13
"1381" 620 -0.38 0.23
"1382" 619 -0.13 0.15
"1383" 618 -0.44 -0.34
"1384" 617 -1.07 -0.68
"1385" 616 0.22 0.35
"1386" 615 -0.94 -0.19
"1387" 614 -0.72 -0.43
"1388" 613 -0.99 -0.23
"1389" 612 -0.53 0.04
"1390" 611 -1 -0.26
"1391" 610 -1.34 -0.4
"1392" 609 -1.18 -0.38
"1393" 608 -1.72 -0.7
"1394" 607 -1.52 -0.75
"1395" 606 -0.19 0.09
"1396" 605 -0.37 -0.19
"1397" 604 -0.17 0.21
"1398" 603 -1.86 -0.97
"1399" 602 -0.29 -0.21
"1400" 601 -1.49 -0.66
"1401" 600 -0.83 -0.27
"1402" 599 -0.63 -0.36
"1403" 598 -1.14 -0.57
"1404" 597 -0.83 -0.69
"1405" 596 -1.86 -0.7
"1406" 595 -0.43 -0.24
"1407" 594 0.33 0.15
"1408" 593 -0.08 -0.23
"1409" 592 -0.36 -0.27
"1410" 591 -0.72 -0.4
"1411" 590 -0.15 0.14
"1412" 589 -1.42 -0.69
"1413" 588 -0.17 -0.07
"1414" 587 -0.32 0.15
"1415" 586 -0.1 0.08
"1416" 585 -1.4 -0.68
"1417" 584 -0.61 -0.17
"1418" 583 -0.65 -0.21
"1419" 582 -1.16 -0.55
"1420" 581 -0.49 -0.09
"1421" 580 -0.74 -0.01
"1422" 579 -1.22 -0.33
"1423" 578 -1.33 -0.29
"1424" 577 -0.91 -0.12
"1425" 576 -1.1 -0.16
"1426" 575 -1.37 -0.65
"1427" 574 -2.56 -1.39
"1428" 573 -0.79 -0.18
"1429" 572 -0.98 -0.05
"1430" 571 -0.62 0.05
"1431" 570 -0.71 0.14
"1432" 569 -1.77 -0.56
"1433" 568 -0.32 0.07
"1434" 567 -0.82 -0.27
"1435" 566 -1.04 -0.43
"1436" 565 -1.47 -0.75
"1437" 564 -1.47 -0.81
"1438" 563 -1.31 -0.23
"1439" 562 -1.41 -0.18
"1440" 561 -0.87 0
"1441" 560 -1.53 -0.81
"1442" 559 -0.6 0.19
"1443" 558 0.23 0.58
"1444" 557 -0.8 -0.28
"1445" 556 -0.25 0.33
"1446" 555 -0.84 -0.38
"1447" 554 -1.26 -0.29
"1448" 553 -0.95 0.02
"1449" 552 -1.39 -0.42
"1450" 551 -2.13 -1.14
"1451" 550 -1.46 -0.68
"1452" 549 -2.32 -1.34
"1453" 548 -1.43 -0.34
"1454" 547 -2.12 -0.62
"1455" 546 -2.45 -0.8
"1456" 545 -2.58 -1.11
"1457" 544 -2.65 -1.41
"1458" 543 -3.08 -1.37
"1459" 542 -1.6 -0.66
"1460" 541 -2.53 -1.34
"1461" 540 -1.9 -0.86
"1462" 539 -1.21 -0.53
"1463" 538 -2.01 -1.08
"1464" 537 -1.89 -0.32
"1465" 536 -3.29 -1.58
"1466" 535 0.07 0.1
"1467" 534 -0.22 0.08
"1468" 533 -0.51 0.05
"1469" 532 -0.56 -0.09
"1470" 531 -0.32 0.09
"1471" 530 -0.21 -0.27
"1472" 529 -0.08 0.08
"1473" 528 -0.58 -0.1
"1474" 527 -0.57 -0.19
"1475" 526 -0.5 -0.11
"1476" 525 0.12 0.22
"1477" 524 -0.77 -0.15
"1478" 523 0.06 0.29
"1479" 522 -1.09 -0.55
"1480" 521 -0.36 -0.28
"1481" 520 -0.37 -0.1
"1482" 519 0.32 0.36
"1483" 518 0.03 0.22
"1484" 517 -0.16 0.07
"1485" 516 -0.4 0.03
"1486" 515 -0.51 -0.52
"1487" 514 -0.15 -0.06
"1488" 513 0.52 0.39
"1489" 512 -0.16 0.03
"1490" 511 -1.44 -0.78
"1491" 510 -0.02 0.31
"1492" 509 0.17 0.76
"1493" 508 0 0.41
"1494" 507 0.17 0.52
"1495" 506 -0.33 0.03
"1496" 505 -0.23 -0.06
"1497" 504 -0.85 -0.52
"1498" 503 0.54 0.64
"1499" 502 0.23 0.33
"1500" 501 -0.07 0.46
"1501" 500 0.18 0.82
"1502" 499 0.29 0.44
"1503" 498 -0.08 0.29
"1504" 497 0.11 0.55
"1505" 496 -0.17 0.22
"1506" 495 -0.44 0.25
"1507" 494 0.49 0.71
"1508" 493 0.22 0.79
"1509" 492 -0.56 -0.01
"1510" 491 -0.27 0.07
"1511" 490 -0.15 -0.07
"1512" 489 -0.2 0.27
"1513" 488 -1.06 -0.15
"1514" 487 -1.27 -0.7
"1515" 486 -1.09 -0.18
"1516" 485 -0.02 0.4
"1517" 484 -1.15 -0.32
"1518" 483 -0.75 0.19
"1519" 482 -0.67 -0.12
"1520" 481 -0.42 -0.1
"1521" 480 -0.56 -0.28
"1522" 479 -1.6 -0.68
"1523" 478 -0.75 -0.72
"1524" 477 -0.78 -0.46
"1525" 476 -0.68 -0.22
"1526" 475 -1.04 -0.21
"1527" 474 -0.83 -0.56
"1528" 473 -0.26 0.48
"1529" 472 -0.34 0.09
"1530" 471 -0.9 -0.6
"1531" 470 -0.63 -0.07
"1532" 469 -0.63 -0.17
"1533" 468 -0.68 -0.27
"1534" 467 -0.83 -0.64
"1535" 466 -0.56 -0.13
"1536" 465 -0.86 -0.4
"1537" 464 -1.04 -0.61
"1538" 463 -0.54 0.09
"1539" 462 -1.4 -0.95
"1540" 461 -0.98 -0.52
"1541" 460 -0.6 -0.02
"1542" 459 -1.3 -1
"1543" 458 -0.19 -0.05
"1544" 457 -0.21 0.02
"1545" 456 -0.75 -0.08
"1546" 455 -0.18 -0.01
"1547" 454 -0.64 -0.33
"1548" 453 -0.5 -0.02
"1549" 452 -0.52 0.02
"1550" 451 -1.05 0.04
"1551" 450 -0.75 0.13
"1552" 449 -1.06 -0.36
"1553" 448 -0.52 -0.14
"1554" 447 -0.94 -0.34
"1555" 446 -0.94 -0.39
"1556" 445 -1.11 -0.23
"1557" 444 -0.05 0.57
"1558" 443 -0.4 0.38
"1559" 442 -0.16 0.44
"1560" 441 -0.32 0.28
"1561" 440 -0.67 -0.06
"1562" 439 -1.92 -0.64
"1563" 438 -0.34 -0.12
"1564" 437 -1.19 -0.21
"1565" 436 -1.07 -0.64
"1566" 435 0.35 0.19
"1567" 434 0.38 0.33
"1568" 433 -0.21 -0.22
"1569" 432 -0.48 -0.1
"1570" 431 -0.76 -0.27
"1571" 430 0.37 0.65
"1572" 429 -0.5 0.06
"1573" 428 -0.39 -0.08
"1574" 427 -0.78 -0.34
"1575" 426 -1.87 -0.79
"1576" 425 -0.73 -0.26
"1577" 424 -0.57 -0.01
"1578" 423 -1.14 -0.26
"1579" 422 -1.58 -0.65
"1580" 421 -1.29 -0.73
"1581" 420 -0.97 -0.26
"1582" 419 -1.02 -0.5
"1583" 418 -1.17 -0.68
"1584" 417 -0.95 -0.95
"1585" 416 -1.29 -0.65
"1586" 415 -1.11 -0.75
"1587" 414 -1.44 -1.22
"1588" 413 -0.76 -0.62
"1589" 412 -0.84 -0.24
"1590" 411 -0.6 -0.12
"1591" 410 -0.28 0.21
"1592" 409 0.07 0.38
"1593" 408 0.05 0.41
"1594" 407 0.19 0.39
"1595" 406 0.24 0.43
"1596" 405 -0.36 -0.06
"1597" 404 -0.79 -0.1
"1598" 403 -0.36 -0.11
"1599" 402 -0.18 0
"1600" 401 0.06 0.15
"1601" 400 -0.87 -0.34
"1602" 399 -0.58 -0.3
"1603" 398 -0.98 -0.51
"1604" 397 -0.93 -0.57
"1605" 396 -1.75 -1.19
"1606" 395 -1.29 -0.59
"1607" 394 -1.16 -0.73
"1608" 393 -1.72 -0.75
"1609" 392 -0.96 -0.96
"1610" 391 -0.62 -0.61
"1611" 390 -0.72 -0.61
"1612" 389 -0.45 -0.34
"1613" 388 -0.72 -0.24
"1614" 387 -0.53 -0.04
"1615" 386 0.42 0.21
"1616" 385 -0.12 0.24
"1617" 384 -0.25 0.07
"1618" 383 -0.76 -0.32
"1619" 382 -0.78 -0.16
"1620" 381 -1.47 -0.64
"1621" 380 0 0.17
"1622" 379 -0.45 -0.3
"1623" 378 -0.34 0.02
"1624" 377 0.25 0.21
"1625" 376 -0.29 -0.4
"1626" 375 0.65 0.37
"1627" 374 -0.42 0.2
"1628" 373 0.34 0.37
"1629" 372 0.17 -0.35
"1630" 371 0.69 0.25
"1631" 370 -0.74 -0.1
"1632" 369 -0.56 -0.27
"1633" 368 -0.46 -0.18
"1634" 367 -0.43 -0.17
"1635" 366 -0.27 -0.14
"1636" 365 -0.46 -0.34
"1637" 364 0.1 0.11
"1638" 363 0.06 0.31
"1639" 362 -0.29 -0.07
"1640" 361 -0.14 -0.22
"1641" 360 -0.67 -0.82
"1642" 359 -1.09 -0.67
"1643" 358 -0.58 -0.69
"1644" 357 -1.47 -1.12
"1645" 356 -1.28 -1.04
"1646" 355 -1.15 -0.76
"1647" 354 -1.55 -0.79
"1648" 353 -0.92 -0.55
"1649" 352 -1.47 -0.68
"1650" 351 -1.16 -0.24
"1651" 350 -0.77 -0.33
"1652" 349 -1.05 -0.32
"1653" 348 -0.38 0.26
"1654" 347 -0.39 0.14
"1655" 346 -0.63 0.17
"1656" 345 -1.41 -0.76
"1657" 344 -1.29 -0.21
"1658" 343 -1.81 -0.85
"1659" 342 -1.42 -0.52
"1660" 341 -0.71 -0.38
"1661" 340 -1.49 -0.86
"1662" 339 -2.48 -1.28
"1663" 338 -1.12 -0.45
"1664" 337 -1.06 -0.23
"1665" 336 -1.36 -0.84
"1666" 335 -1.69 -0.99
"1667" 334 -0.5 -0.18
"1668" 333 -1.37 -0.77
"1669" 332 -0.97 -0.75
"1670" 331 -0.78 -0.32
"1671" 330 -0.92 -0.25
"1672" 329 -1.11 -0.82
"1673" 328 -1.17 -0.4
"1674" 327 -1.25 -0.73
"1675" 326 -1.37 -0.6
"1676" 325 -0.71 -0.44
"1677" 324 -0.03 0.31
"1678" 323 -0.61 -0.19
"1679" 322 -0.77 -0.39
"1680" 321 -1.09 0.02
"1681" 320 -0.59 -0.05
"1682" 319 -0.7 -0.06
"1683" 318 -0.58 -0.08
"1684" 317 -0.71 -0.31
"1685" 316 -0.81 -0.59
"1686" 315 -0.92 -0.57
"1687" 314 -0.76 -0.41
"1688" 313 -0.7 -0.18
"1689" 312 -0.81 -0.37
"1690" 311 -1.1 -0.53
"1691" 310 -0.75 -0.46
"1692" 309 -1.01 -0.65
"1693" 308 -0.99 -0.61
"1694" 307 -0.58 -0.31
"1695" 306 -0.59 -0.22
"1696" 305 -0.85 -0.58
"1697" 304 -0.27 -0.11
"1698" 303 -0.34 -0.25
"1699" 302 -0.88 -0.41
"1700" 301 -1.27 -0.66
"1701" 300 -0.78 -0.48
"1702" 299 -1.26 -0.76
"1703" 298 -0.35 0.09
"1704" 297 0.31 0.58
"1705" 296 -0.14 0.15
"1706" 295 -0.51 0.13
"1707" 294 -0.64 -0.03
"1708" 293 -1.29 -0.51
"1709" 292 -0.46 -0.01
"1710" 291 -0.11 0.12
"1711" 290 -1.48 -0.49
"1712" 289 -0.01 -0.01
"1713" 288 -0.22 -0.11
"1714" 287 -0.33 0
"1715" 286 0.08 0.07
"1716" 285 -0.56 0.14
"1717" 284 0.1 0.24
"1718" 283 -0.36 0.18
"1719" 282 -0.05 0.24
"1720" 281 -0.22 0.44
"1721" 280 0.03 0.1
"1722" 279 0.15 0.38
"1723" 278 0.18 0.69
"1724" 277 -0.14 0.52
"1725" 276 -0.45 0.58
"1726" 275 -0.72 0.15
"1727" 274 -1.85 -0.3
"1728" 273 -1.12 -0.19
"1729" 272 -1.01 -0.05
"1730" 271 -1.59 -0.61
"1731" 270 -1.01 -0.74
"1732" 269 -0.83 -0.57
"1733" 268 -1.52 -0.57
"1734" 267 -1.25 -0.52
"1735" 266 -0.09 -0.11
"1736" 265 -0.93 -0.59
"1737" 264 -0.53 -0.31
"1738" 263 -0.57 -0.33
"1739" 262 -0.11 0.33
"1740" 261 -0.17 0.03
"1741" 260 -1.29 -0.73
"1742" 259 -0.06 0.11
"1743" 258 0.08 -0.4
"1744" 257 -0.07 0.34
"1745" 256 0.17 0.42
"1746" 255 0.16 0.57
"1747" 254 -0.35 0.01
"1748" 253 -0.29 -0.15
"1749" 252 0.14 0.62
"1750" 251 -0.69 -0.72
"1751" 250 0.56 0.33
"1752" 249 -0.32 0.18
"1753" 248 0.29 0.26
"1754" 247 1.01 0.25
"1755" 246 0.82 0.35
"1756" 245 1.86 0.89
"1757" 244 0.63 0.39
"1758" 243 0.32 0.37
"1759" 242 1.53 0.63
"1760" 241 0.42 0.56
"1761" 240 0.8 0.27
"1762" 239 0.76 0.76
"1763" 238 0.36 0.4
"1764" 237 -0.17 0.12
"1765" 236 -0.58 0.02
"1766" 235 0.3 0.77
"1767" 234 0.45 0.32
"1768" 233 -0.12 0.02
"1769" 232 -0.06 0.12
"1770" 231 -0.02 -0.01
"1771" 230 -0.76 -0.41
"1772" 229 0.54 0.59
"1773" 228 -0.53 -0.04
"1774" 227 -0.52 -0.3
"1775" 226 0.14 0.35
"1776" 225 0.13 0.25
"1777" 224 -0.52 0.07
"1778" 223 -0.9 -0.21
"1779" 222 -0.57 -0.11
"1780" 221 -2.04 -1.03
"1781" 220 -1.23 -0.32
"1782" 219 -0.72 -0.13
"1783" 218 -0.73 -0.37
"1784" 217 0.03 0.5
"1785" 216 -0.11 0.17
"1786" 215 -0.29 0.08
"1787" 214 0.17 0.31
"1788" 213 0.32 0.27
"1789" 212 0.39 0.37
"1790" 211 -0.66 -0.01
"1791" 210 0.66 0.37
"1792" 209 -0.15 0.21
"1793" 208 -1.29 -0.88
"1794" 207 -0.8 -0.51
"1795" 206 0.34 -0.31
"1796" 205 -0.27 -0.43
"1797" 204 -0.43 -0.25
"1798" 203 -0.41 -0.4
"1799" 202 -0.33 -0.25
"1800" 201 -0.65 -0.46
"1801" 200 -0.25 -0.13
"1802" 199 -0.67 -0.13
"1803" 198 -0.28 -0.01
"1804" 197 0.08 0.33
"1805" 196 0.09 0.56
"1806" 195 -0.23 0.06
"1807" 194 -0.18 0.29
"1808" 193 -0.37 0.19
"1809" 192 -0.05 0.51
"1810" 191 0.57 0.54
"1811" 190 0 0.7
"1812" 189 -0.35 0.19
"1813" 188 -0.05 0.07
"1814" 187 -0.63 -0.16
"1815" 186 -0.38 0.04
"1816" 185 -0.22 0.28
"1817" 184 -0.83 -0.08
"1818" 183 -0.58 0.05
"1819" 182 -1.03 0.44
"1820" 181 -0.69 0.17
"1821" 180 -1.29 -0.16
"1822" 179 -1.63 -0.64
"1823" 178 -1.15 -0.42
"1824" 177 -1.27 -0.43
"1825" 176 -1.03 -0.01
"1826" 175 -1.5 -0.48
"1827" 174 -1.75 -0.43
"1828" 173 -0.98 -0.28
"1829" 172 -0.61 -0.48
"1830" 171 -1.04 -0.27
"1831" 170 -0.8 -0.04
"1832" 169 -0.7 -0.27
"1833" 168 -0.52 -0.22
"1834" 167 -0.28 -0.06
"1835" 166 -1.14 -0.48
"1836" 165 -1.58 -0.25
"1837" 164 -0.77 -0.33
"1838" 163 -0.77 -0.44
"1839" 162 -0.52 -0.23
"1840" 161 -0.33 -0.09
"1841" 160 -0.92 -0.31
"1842" 159 -0.77 -0.42
"1843" 158 -0.83 -0.38
"1844" 157 -0.6 -0.43
"1845" 156 -0.97 -0.61
"1846" 155 -0.98 -0.24
"1847" 154 -0.46 0.01
"1848" 153 -0.81 -0.37
"1849" 152 -1.17 -0.69
"1850" 151 -1.45 -0.15
"1851" 150 -1.63 -0.52
"1852" 149 -0.24 0.16
"1853" 148 -1.29 -0.2
"1854" 147 0.09 0.48
"1855" 146 -1.14 -0.24
"1856" 145 -0.33 0
"1857" 144 -1.23 -0.57
"1858" 143 -0.95 0.2
"1859" 142 -0.75 0.09
"1860" 141 -0.43 0.34
"1861" 140 0.01 0.61
"1862" 139 0.19 0.58
"1863" 138 -0.46 0.04
"1864" 137 -0.43 0.51
"1865" 136 -0.5 0.08
"1866" 135 -0.01 0.41
"1867" 134 -0.79 0.43
"1868" 133 -0.79 0.05
"1869" 132 -0.35 0.47
"1870" 131 -0.18 0.37
"1871" 130 -0.75 -0.47
"1872" 129 -0.3 0.24
"1873" 128 -0.68 -0.04
"1874" 127 -0.1 0.37
"1875" 126 -0.41 0.23
"1876" 125 0.04 0.24
"1877" 124 -0.38 -0.06
"1878" 123 -0.57 0.03
"1879" 122 -0.17 0.36
"1880" 121 0.44 0.08
"1881" 120 -0.25 0.17
"1882" 119 -0.74 0.05
"1883" 118 0.02 0.39
"1884" 117 0.07 0.41
"1885" 116 0.35 0.4
"1886" 115 0.74 0.48
"1887" 114 0.49 0.65
"1888" 113 -0.43 0.14
"1889" 112 -0.12 0.51
"1890" 111 0.24 0.36
"1891" 110 -0.41 0.06
"1892" 109 -0.15 0.07
"1893" 108 0.23 0.44
"1894" 107 -0.08 0.15
"1895" 106 -0.32 -0.03
"1896" 105 0.46 0.49
"1897" 104 -0.21 -0.18
"1898" 103 -0.17 0.19
"1899" 102 -0.17 0.34
"1900" 101 -0.55 0.13
"1901" 100 -0.35 0.21
"1902" 99 0.53 0.54
"1903" 98 0.03 0.37
"1904" 97 -0.34 0.05
"1905" 96 -0.03 -0.01
"1906" 95 -0.64 -0.32
"1907" 94 -0.91 -0.28
"1908" 93 -0.12 0.17
"1909" 92 0.3 0.44
"1910" 91 0.53 0.42
"1911" 90 -0.21 -0.29
"1912" 89 0.44 0.46
"1913" 88 1.06 1.13
"1914" 87 -0.35 -0.08
"1915" 86 -0.17 0.02
"1916" 85 -0.76 -0.43
"1917" 84 -0.74 -0.64
"1918" 83 -0.4 -0.1
"1919" 82 -0.29 -0.16
"1920" 81 -0.75 -0.14
"1921" 80 -0.21 -0.52
"1922" 79 0.53 0.4
"1923" 78 -0.38 -0.02
"1924" 77 0.47 0.27
"1925" 76 0.23 0.14
"1926" 75 0.4 0.4
"1927" 74 -0.27 -0.02
"1928" 73 0.36 0.6
"1929" 72 0.23 0.44
"1930" 71 -0.05 0.12
"1931" 70 0.17 0.55
"1932" 69 0.38 0.64
"1933" 68 0.15 0.47
"1934" 67 0.86 0.95
"1935" 66 0.64 0.72
"1936" 65 -0.05 0.3
"1937" 64 0.59 0.33
"1938" 63 -0.01 0.29
"1939" 62 -0.57 -0.03
"1940" 61 0.4 0.73
"1941" 60 0.31 0.53
"1942" 59 -1.19 -0.21
"1943" 58 -0.16 0.55
"1944" 57 -0.77 -0.12
"1945" 56 -0.62 0.25
"1946" 55 0.49 0.83
"1947" 54 0.27 0.44
"1948" 53 0.02 0.59
"1949" 52 0.11 0.8
"1950" 51 -0.25 0.62
"1951" 50 0.18 0.77
"1952" 49 -0.29 0.72
"1953" 48 0.55 0.89
"1954" 47 0.99 1.53
"1955" 46 0.49 1.47
"1956" 45 0.14 0.86
"1957" 44 0.46 0.87
"1958" 43 0.78 1.04
"1959" 42 0.61 0.73
"1960" 41 0.49 0.62
"1961" 40 -0.21 0.16
"1962" 39 0.96 0.81
"1963" 38 0.82 1
"1964" 37 1.2 0.94
"1965" 36 0.63 0.47
"1966" 35 2.26 1.12
"1967" 34 1.86 0.92
"1968" 33 0.71 0.31
"1969" 32 0.81 0.27
"1970" 31 0.31 -0.18
"1971" 30 0.07 0.02
"1972" 29 -1.48 -0.66
"1973" 28 0.26 0.16
"1974" 27 0.32 0.42
"1975" 26 -0.01 -0.21
"1976" 25 0.3 0.02
"1977" 24 -0.7 -0.57
"1978" 23 0.05 -0.09
"1979" 22 -0.51 -0.28
"1980" 21 -1.14 -0.69
"1981" 20 -1.02 -0.88
"1982" 19 -0.07 0.02
"1983" 18 -0.23 0.15
"1984" 17 0.27 0.17
"1985" 16 -0.82 -0.15
"1986" 15 0.03 0.36
"1987" 14 -0.02 -0.04
"1988" 13 0.04 0.12
"1989" 12 -0.32 0.36
"1990" 11 -0.37 -0.34
"1991" 10 -0.84 -0.6
"1992" 9 -0.6 -0.1
"1993" 8 -0.24 0.15
"1994" 7 0.5 0.74
"1995" 6 0.16 0.67
"1996" 5 0.25 0.32
"1997" 4 -0.28 0.22
"1998" 3 -0.73 -0.24
"1999" 2 -0.6 -0.26
"2000" 1 -0.18 0.09
"2001" NA NA NA
"2002" NA NA NA
"2003" NA NA NA
"2004" NA NA NA
"2005" NA NA NA
"2006" NA NA NA
"2007" NA NA NA
"2008" NA NA NA
"2009" NA NA NA
"2010" NA NA NA
"2011" NA NA NA
"2012" NA NA NA
"2013" NA NA NA
"2014" NA NA NA
"2015" NA NA NA
"2016" NA NA NA
"2017" NA NA NA
"2018" NA NA NA
"2019" NA NA NA
"2020" NA NA NA
"2021" NA NA NA
"2022" NA NA NA
"2023" NA NA NA
"2024" NA NA NA
"2025" NA NA NA
"2026" NA NA NA
"2027" NA NA NA
"2028" NA NA NA
"2029" NA NA NA
"2030" NA NA NA
"2031" NA NA NA
"2032" NA NA NA
"2033" NA NA NA
"2034" NA NA NA
"2035" NA NA NA
"2036" NA NA NA
"2037" NA NA NA
"2038" NA NA NA
"2039" NA NA NA
"2040" NA NA NA
"2041" NA NA NA
"2042" NA NA NA
"2043" NA NA NA
"2044" NA NA NA
"2045" NA NA NA
"2046" NA NA NA
"2047" NA NA NA
"2048" NA NA NA
"2049" NA NA NA
"2050" NA NA NA
"2051" NA NA NA
"2052" NA NA NA
"2053" NA NA NA
"2054" NA NA NA
"2055" NA NA NA
"2056" NA NA NA
"2057" NA NA NA
"2058" NA NA NA
"2059" NA NA NA
"2060" NA NA NA
"2061" NA NA NA
"2062" NA NA NA
"2063" NA NA NA
"2064" NA NA NA
"2065" NA NA NA
"2066" NA NA NA
"2067" NA NA NA
"2068" NA NA NA
"2069" NA NA NA
"2070" NA NA NA
"2071" NA NA NA
"2072" NA NA NA
"2073" NA NA NA
"2074" NA NA NA
"2075" NA NA NA
"2076" NA NA NA
"2077" NA NA NA
"2078" NA NA NA
"2079" NA NA NA
"2080" NA NA NA
"2081" NA NA NA
"2082" NA NA NA
"2083" NA NA NA
"2084" NA NA NA
"2085" NA NA NA
"2086" NA NA NA
"2087" NA NA NA
"2088" NA NA NA
"2089" NA NA NA
"2090" NA NA NA
"2091" NA NA NA
"2092" NA NA NA
"2093" NA NA NA
"2094" NA NA NA
"2095" NA NA NA
"2096" NA NA NA
"2097" NA NA NA
"2098" NA NA NA
"2099" NA NA NA
"2100" NA NA NA
"2101" NA NA NA
"2102" NA NA NA
"2103" NA NA NA
"2104" NA NA NA
"2105" NA NA NA
"2106" NA NA NA
"2107" NA NA NA
"2108" NA NA NA
"2109" NA NA NA
"2110" NA NA NA
"2111" NA NA NA
"2112" NA NA NA
"2113" NA NA NA
"2114" NA NA NA
"2115" NA NA NA
"2116" NA NA NA
"2117" NA NA NA
"2118" NA NA NA
"2119" NA NA NA
"2120" NA NA NA
"2121" NA NA NA
"2122" NA NA NA
"2123" NA NA NA
"2124" NA NA NA
"2125" NA NA NA
"2126" NA NA NA
"2127" NA NA NA
"2128" NA NA NA
"2129" NA NA NA
"2130" NA NA NA
"2131" NA NA NA
"2132" NA NA NA
"2133" NA NA NA
"2134" NA NA NA
"2135" NA NA NA
"2136" NA NA NA
"2137" NA NA NA
"2138" NA NA NA
"2139" NA NA NA
"2140" NA NA NA
"2141" NA NA NA
"2142" NA NA NA
"2143" NA NA NA
"2144" NA NA NA
"2145" NA NA NA
"2146" NA NA NA
"2147" NA NA NA
"2148" NA NA NA
"2149" NA NA NA
"2150" NA NA NA
"2151" NA NA NA
"2152" NA NA NA
"2153" NA NA NA
"2154" NA NA NA
"2155" NA NA NA
"2156" NA NA NA
"2157" NA NA NA
"2158" NA NA NA
"2159" NA NA NA
"2160" NA NA NA
"2161" NA NA NA
"2162" NA NA NA
"2163" NA NA NA
"2164" NA NA NA
"2165" NA NA NA
"2166" NA NA NA
"2167" NA NA NA
"2168" NA NA NA
"2169" NA NA NA
"2170" NA NA NA
"2171" NA NA NA
"2172" NA NA NA
"2173" NA NA NA
"2174" NA NA NA
"2175" NA NA NA
"2176" NA NA NA
"2177" NA NA NA
"2178" NA NA NA
"2179" NA NA NA
"2180" NA NA NA
"2181" NA NA NA
"2182" NA NA NA
"2183" NA NA NA
"2184" NA NA NA
"2185" NA NA NA
"2186" NA NA NA
"2187" NA NA NA
"2188" NA NA NA
"2189" NA NA NA
"2190" NA NA NA
"2191" NA NA NA
"2192" NA NA NA
"2193" NA NA NA
"2194" NA NA NA
"2195" NA NA NA
"2196" NA NA NA
"2197" NA NA NA
"2198" NA NA NA
"2199" NA NA NA
"2200" NA NA NA
"2201" NA NA NA
"2202" NA NA NA
"2203" NA NA NA
"2204" NA NA NA
"2205" NA NA NA
"2206" NA NA NA
"2207" NA NA NA
"2208" NA NA NA
"2209" NA NA NA
"2210" NA NA NA
"2211" NA NA NA
"2212" NA NA NA
"2213" NA NA NA
"2214" NA NA NA
"2215" NA NA NA
"2216" NA NA NA
"2217" NA NA NA
"2218" NA NA NA
"2219" NA NA NA
"2220" NA NA NA
"2221" NA NA NA
"2222" NA NA NA
"2223" NA NA NA
"2224" NA NA NA
"2225" NA NA NA
"2226" NA NA NA
"2227" NA NA NA
"2228" NA NA NA
"2229" NA NA NA
"2230" NA NA NA
"2231" NA NA NA
"2232" NA NA NA
"2233" NA NA NA
"2234" NA NA NA
"2235" NA NA NA
"2236" NA NA NA
"2237" NA NA NA
"2238" NA NA NA
"2239" NA NA NA
"2240" NA NA NA
"2241" NA NA NA
"2242" NA NA NA
"2243" NA NA NA
"2244" NA NA NA
"2245" NA NA NA
"2246" NA NA NA
"2247" NA NA NA
"2248" NA NA NA
"2249" NA NA NA
"2250" NA NA NA
"2251" NA NA NA
"2252" NA NA NA
